Sample	0.0	1.0	2.0	3.0	4.0	5.0	6.0	7.0	8.0	9.0	10.0	11.0	12.0	13.0	14.0	15.0	16.0	17.0	18.0	19.0	20.0	21.0	22.0	23.0	24.0	25.0	26.0	27.0	28.0	29.0	30.0	31.0	32.0	33.0	34.0	35.0	36.0	37.0	38.0	39.0	40.0	41.0	42.0	43.0	44.0	45.0	46.0	47.0	48.0	49.0	50.0	51.0	52.0	53.0	54.0	55.0	56.0	57.0	58.0	59.0	60.0	61.0	62.0	63.0	64.0	65.0	66.0	67.0	68.0	69.0	70.0	71.0	72.0	73.0	74.0	75.0	76.0	77.0	78.0	79.0	80.0	81.0	82.0	83.0	84.0	85.0	86.0	87.0	88.0	89.0	90.0	91.0	92.0	93.0	94.0	95.0	96.0	97.0	98.0	99.0	100.0
DR1014-E_1	0.0	0.0	0.0	0.0	0.0	0.0	0.0	0.0	0.0	0.0	0.0	0.0	0.0	0.0	0.0	0.0	0.0	0.0	0.0	0.0	0.0	0.0	0.0	0.0	0.0	0.0	0.0	0.0	0.0	0.0	0.0	0.0	0.0	0.0	0.0	0.0	0.0	0.0	0.0	0.25	0.25	1.25	6.75	13.25	4.5	1.5	1.5	1.75	15.0	27.0	38.75	82.25	131.75	463.5	805.5	6937.25	12088.5	3509.25	1798.25	936.25	283.25	137.75	124.25	75.75	50.75	19.0	8.5	3.0	1.25	0.25	0.0	0.0	0.0	0.0	0.0	0.0	0.0	0.0	0.0	0.0	0.0	0.0	0.0	0.0	0.0	0.0	0.0	0.0	0.0	0.0	0.0	0.0	0.0	0.0	0.0	0.0	0.0	0.0	0.0	0.0	0.0
DR1014-E_2	0.0	0.0	0.0	0.0	0.0	0.0	0.0	0.0	0.0	0.0	0.25	0.0	0.0	0.0	0.0	0.0	0.0	0.0	0.0	0.0	0.0	0.0	0.0	0.0	0.0	0.0	0.0	0.0	0.0	0.0	0.0	0.0	0.0	0.0	0.0	0.0	0.0	0.0	0.0	0.0	0.0	0.5	1.25	8.25	10.5	8.25	11.5	28.75	51.0	63.75	69.0	77.0	91.0	222.75	1448.0	9269.75	7746.25	4353.0	1638.75	558.0	328.25	188.75	115.0	89.25	54.75	36.0	26.75	15.75	9.25	5.5	4.0	2.75	1.75	2.75	2.25	0.75	0.75	0.0	0.5	0.5	1.25	1.25	0.0	0.0	0.25	0.25	0.0	0.0	0.0	0.0	0.0	0.0	0.25	0.0	0.25	0.25	0.25	0.0	0.0	0.25	0.3333333333333333
DR1014-SAH_1	0.0	0.0	0.0	0.0	0.0	0.0	0.0	0.0	0.0	0.0	0.0	0.0	0.0	0.0	0.0	0.0	0.0	0.0	0.0	0.0	0.0	0.0	0.0	0.0	0.0	0.0	0.0	0.0	0.0	0.0	0.0	0.0	0.5	0.25	1.25	0.25	0.25	2.75	2.25	2.25	3.75	3.25	3.75	4.0	3.25	2.0	3.0	9.0	28.0	88.25	271.25	359.75	573.0	657.5	1165.0	2357.75	3467.5	4333.5	4737.5	5105.0	4572.0	3925.75	2707.0	1390.5	740.5	345.0	171.5	121.75	56.5	18.5	8.5	4.5	2.5	0.75	0.25	0.0	0.0	0.0	0.0	0.0	0.0	0.0	0.0	0.0	0.0	0.0	0.0	0.0	0.0	0.0	0.0	0.0	0.0	0.0	0.0	0.0	0.0	0.0	0.0	0.0	0.0
DR1014-SAH_2	0.0	0.0	0.0	0.0	0.0	0.0	0.0	0.0	0.0	0.0	0.0	0.0	0.0	0.0	0.0	0.0	0.0	0.0	0.0	0.0	0.0	0.0	0.0	0.0	0.0	0.0	0.0	0.0	0.0	0.0	0.0	0.0	0.0	0.0	0.25	0.5	0.0	0.75	1.5	2.5	3.5	3.25	4.25	6.75	7.75	13.25	35.0	79.5	131.5	278.75	383.5	425.75	502.25	1051.5	2163.25	3773.0	5353.5	5426.5	5167.0	4564.0	3285.25	1943.25	969.5	560.25	346.75	232.75	165.5	136.25	109.0	79.0	46.25	29.75	20.25	14.25	10.5	6.0	5.75	3.5	2.5	1.5	1.0	1.0	1.0	1.0	0.5	0.75	0.5	0.75	0.75	0.5	1.0	0.5	0.75	0.5	0.0	0.0	0.25	0.0	0.25	0.75	0.3333333333333333
DR1015-SAH_1	0.0	0.0	0.0	0.0	0.0	0.0	0.0	0.0	0.0	0.0	0.0	0.0	0.0	0.0	0.0	0.0	0.0	0.0	0.0	0.0	0.0	0.0	0.0	0.0	0.0	0.0	0.0	0.0	0.0	0.0	0.0	0.25	0.0	0.0	0.25	0.75	1.5	2.0	2.0	1.75	1.25	2.5	1.25	2.0	2.25	2.0	1.75	4.5	12.5	41.75	207.25	323.0	598.5	591.5	986.75	2319.75	2941.0	3631.75	3961.0	3925.5	3174.25	2572.0	1633.5	742.5	375.5	163.5	104.5	62.25	21.0	7.5	5.5	3.75	1.0	0.25	0.0	0.0	0.0	0.0	0.0	0.0	0.0	0.0	0.0	0.0	0.0	0.0	0.0	0.0	0.0	0.0	0.0	0.0	0.0	0.0	0.0	0.0	0.0	0.0	0.0	0.0	0.0
DR1015-SAH_2	0.0	0.0	0.0	0.0	0.0	0.0	0.0	0.0	0.0	0.0	0.0	0.0	0.0	0.0	0.0	0.0	0.0	0.0	0.0	0.0	0.0	0.0	0.0	0.0	0.0	0.0	0.0	0.0	0.0	0.0	0.0	0.0	0.0	0.0	0.25	0.25	0.0	0.5	1.0	1.0	0.75	1.75	3.25	2.5	3.0	5.25	16.0	48.0	121.25	256.25	282.5	272.0	382.25	910.5	2046.75	3511.75	4287.75	3983.25	3659.25	3238.75	2367.25	1334.0	655.75	329.75	190.5	133.0	110.75	85.25	69.5	48.75	26.25	18.25	12.75	7.25	2.75	4.25	3.0	2.0	1.5	1.0	1.5	0.5	0.5	0.25	0.0	0.75	1.0	0.25	0.5	0.5	0.5	0.0	0.25	0.75	0.75	0.25	0.0	0.0	0.0	0.0	0.3333333333333333
DR1018-E_1	0.0	0.0	0.0	0.0	0.0	0.0	0.0	0.0	0.0	0.0	0.0	0.0	0.0	0.0	0.0	0.0	0.0	0.0	0.0	0.0	0.0	0.0	0.0	0.0	0.0	0.0	0.0	0.0	0.0	0.0	0.0	0.0	0.0	0.0	0.0	0.0	0.0	0.0	0.5	0.5	1.0	1.75	1.0	3.75	11.75	4.5	12.0	19.75	14.25	22.5	45.25	65.25	180.25	3341.25	1939.0	800.5	1016.0	759.75	730.75	765.75	563.5	503.0	362.25	171.75	136.25	66.25	44.75	31.25	11.25	5.75	2.0	0.75	1.25	0.0	0.0	0.0	0.0	0.0	0.0	0.0	0.0	0.0	0.0	0.0	0.0	0.0	0.0	0.0	0.0	0.0	0.0	0.0	0.0	0.0	0.0	0.0	0.0	0.0	0.0	0.0	0.0
DR1018-E_2	0.0	0.0	0.0	0.0	0.0	0.0	0.0	0.0	0.0	0.0	0.0	0.0	0.0	0.0	0.0	0.0	0.0	0.0	0.0	0.0	0.0	0.0	0.0	0.0	0.0	0.0	0.0	0.0	0.0	0.0	0.0	0.0	0.0	0.0	0.0	0.25	0.25	0.75	0.5	0.5	0.75	1.5	2.5	2.75	10.25	23.75	18.25	24.25	29.5	46.5	86.25	57.75	81.5	214.75	557.5	2275.75	3376.25	1532.25	1027.25	719.75	514.0	321.5	183.5	116.25	64.0	51.5	41.25	39.25	35.5	21.5	9.75	6.25	6.0	3.75	2.25	1.25	1.5	0.5	0.5	1.25	1.0	0.5	0.25	0.0	0.0	0.25	0.25	0.0	0.25	0.25	0.25	0.0	0.25	0.0	0.25	0.25	0.0	0.0	0.0	0.0	0.0
DR1018-SAH_1	0.0	0.0	0.0	0.0	0.0	0.0	0.0	0.0	0.0	0.0	0.0	0.0	0.0	0.0	0.0	0.0	0.0	0.0	0.0	0.0	0.0	0.0	0.0	0.0	0.0	0.0	0.0	0.0	0.0	0.0	0.0	0.0	0.25	0.5	0.75	0.25	0.5	1.75	1.25	2.0	1.5	1.25	1.5	1.25	1.5	2.75	3.0	7.5	27.5	64.75	158.0	266.75	420.75	497.5	854.25	1902.75	2935.75	4125.25	4963.25	5712.75	4625.5	3892.0	2553.25	1188.25	574.0	250.0	135.75	66.0	26.5	9.75	1.5	2.25	2.5	1.0	0.5	0.0	0.0	0.0	0.0	0.0	0.0	0.0	0.0	0.0	0.0	0.0	0.0	0.0	0.0	0.0	0.0	0.0	0.0	0.0	0.0	0.0	0.0	0.0	0.0	0.0	0.0
DR1018-SAH_2	0.0	0.0	0.0	0.0	0.0	0.0	0.0	0.0	0.0	0.0	0.0	0.0	0.0	0.0	0.0	0.0	0.0	0.0	0.0	0.0	0.0	0.0	0.0	0.0	0.0	0.0	0.0	0.0	0.0	0.0	0.0	0.0	0.0	0.0	0.0	0.0	0.0	0.0	0.5	0.5	0.75	0.75	1.75	3.5	3.75	6.5	15.75	36.5	89.25	219.5	302.75	325.5	407.5	917.0	2157.0	3683.5	4857.25	4894.0	5085.0	4665.5	3317.0	1871.75	879.0	436.25	270.0	180.25	137.0	123.5	94.75	61.25	40.75	23.5	18.5	12.0	6.25	5.0	3.0	1.5	2.0	1.5	0.75	0.5	1.0	0.75	0.25	0.25	0.25	0.0	0.0	0.5	0.25	0.25	0.0	0.0	0.25	0.0	0.0	0.0	0.0	0.0	0.3333333333333333
DR1019-E_1	0.0	0.0	0.0	0.0	0.0	0.0	0.0	0.0	0.0	0.0	0.0	0.0	0.0	0.0	0.0	0.0	0.0	0.0	0.0	0.0	0.0	0.0	0.0	0.0	0.0	0.0	0.0	0.0	0.0	0.0	0.0	0.0	0.0	0.25	0.0	0.0	0.5	1.75	2.0	3.25	9.75	23.75	26.0	10.0	34.75	60.0	130.5	173.25	121.0	204.0	366.75	630.5	885.5	762.75	1675.25	2915.75	4285.25	2770.5	1995.75	2141.25	1686.75	1236.75	858.5	439.5	311.5	158.75	102.0	84.5	42.5	20.25	4.5	2.0	2.5	0.25	0.5	0.0	0.0	0.0	0.0	0.0	0.0	0.0	0.0	0.0	0.0	0.0	0.0	0.0	0.0	0.0	0.0	0.0	0.0	0.0	0.0	0.0	0.0	0.0	0.0	0.0	0.0
DR1019-E_2	0.0	0.0	0.0	0.0	0.0	0.0	0.0	0.0	0.0	0.0	0.0	0.0	0.0	0.0	0.0	0.0	0.0	0.0	0.0	0.0	0.0	0.0	0.0	0.0	0.0	0.0	0.0	0.0	0.0	0.0	0.0	0.0	0.25	0.25	0.25	0.0	1.0	1.75	3.25	9.0	19.25	22.75	32.0	54.75	88.25	157.25	225.5	289.75	321.25	489.0	546.5	418.25	392.25	711.5	1623.0	3981.0	4038.5	3103.75	2376.0	1754.5	1194.5	701.25	384.25	271.25	199.25	134.25	98.5	95.25	73.25	53.75	30.5	20.75	12.75	9.0	4.75	5.5	3.5	2.25	1.0	2.25	1.0	1.5	0.5	0.5	0.75	0.75	0.75	0.5	0.5	0.75	0.25	0.5	0.5	0.5	0.0	0.0	0.5	0.5	0.5	0.0	0.0
DR1019-SAH_1	0.0	0.0	0.0	0.0	0.0	0.0	0.0	0.0	0.0	0.0	0.0	0.0	0.0	0.0	0.0	0.0	0.0	0.0	0.0	0.0	0.0	0.0	0.0	0.0	0.0	0.0	0.0	0.0	0.0	0.0	0.0	0.0	0.0	0.0	0.0	0.0	0.25	0.5	0.5	1.75	1.0	0.75	3.25	3.25	4.5	2.75	1.75	4.0	16.25	51.5	139.0	267.5	436.25	492.75	858.25	1604.25	2375.25	3716.25	4257.75	4673.25	4134.75	3339.0	2264.0	1062.5	538.5	310.25	160.25	108.25	37.5	12.5	6.25	2.5	2.5	0.75	0.0	0.0	0.0	0.0	0.0	0.0	0.0	0.0	0.0	0.0	0.0	0.0	0.0	0.0	0.0	0.0	0.0	0.0	0.0	0.0	0.0	0.0	0.0	0.0	0.0	0.0	0.0
DR1019-SAH_2	0.0	0.0	0.0	0.0	0.0	0.0	0.0	0.0	0.0	0.0	0.0	0.0	0.0	0.0	0.0	0.0	0.0	0.0	0.0	0.0	0.0	0.0	0.0	0.0	0.0	0.0	0.0	0.0	0.0	0.0	0.0	0.0	0.0	0.0	0.0	0.0	0.0	0.25	0.75	1.5	1.0	1.5	2.75	3.75	5.5	5.0	10.0	30.25	83.25	224.5	286.5	291.75	330.5	711.5	1602.0	2934.5	4313.5	4629.5	4714.0	3866.25	2681.25	1604.25	815.5	515.75	383.75	240.75	178.25	135.5	104.25	79.75	50.0	31.75	27.0	16.5	11.5	6.5	6.0	3.0	2.0	1.75	2.5	1.5	1.0	1.25	0.5	0.5	0.0	0.75	0.25	0.5	0.5	0.0	0.25	0.0	0.25	0.0	0.25	0.0	0.0	0.0	0.0
DR1020-SAH_1	0.0	0.0	0.0	0.0	0.0	0.0	0.0	0.0	0.0	0.0	0.0	0.0	0.0	0.0	0.0	0.0	0.0	0.0	0.0	0.0	0.0	0.0	0.0	0.0	0.0	0.0	0.0	0.0	0.0	0.0	0.0	0.0	0.0	0.5	0.5	1.0	0.25	0.5	1.0	1.0	0.75	2.0	2.0	2.5	1.5	2.0	2.5	3.25	10.25	23.75	109.25	206.5	389.25	389.75	627.25	1463.75	2194.5	3365.25	4131.5	4659.25	4345.75	3604.0	2274.0	1254.75	657.0	265.5	147.25	99.5	45.0	11.5	8.25	4.0	5.5	1.25	0.5	0.0	0.0	0.0	0.25	0.25	0.0	0.0	0.0	0.0	0.0	0.0	0.0	0.0	0.0	0.0	0.0	0.0	0.0	0.0	0.0	0.0	0.0	0.0	0.0	0.0	0.0
DR1020-SAH_2	0.0	0.0	0.0	0.0	0.0	0.0	0.0	0.0	0.0	0.0	0.0	0.0	0.0	0.0	0.0	0.0	0.0	0.0	0.0	0.0	0.0	0.0	0.0	0.0	0.0	0.0	0.0	0.0	0.0	0.0	0.0	0.0	0.0	0.0	0.0	0.0	0.25	0.25	1.75	2.0	2.0	1.75	1.5	1.75	3.75	3.25	13.0	35.0	50.25	118.25	166.5	197.75	250.5	580.75	1425.25	2757.75	4265.5	4719.25	4495.25	4004.25	2911.75	1737.75	913.5	506.25	318.25	204.0	162.75	123.5	93.75	76.25	50.75	32.25	26.5	14.75	10.25	8.25	4.75	4.5	1.75	1.5	2.25	1.25	2.25	0.5	1.0	0.75	0.5	0.25	0.75	0.25	0.0	0.25	0.5	0.25	0.0	0.0	0.0	0.25	0.0	0.0	0.0
DR1021-SAH_1	0.0	0.0	0.0	0.0	0.0	0.0	0.0	0.0	0.0	0.0	0.0	0.0	0.0	0.0	0.0	0.0	0.0	0.0	0.0	0.0	0.0	0.0	0.0	0.0	0.0	0.0	0.0	0.0	0.0	0.0	0.0	0.0	0.0	0.25	0.5	0.5	1.0	1.5	2.0	2.0	2.25	3.75	3.75	2.0	2.5	3.75	5.5	5.5	12.25	29.75	116.0	233.75	430.5	399.75	658.75	1802.0	2938.25	3736.25	4486.75	4985.75	4896.5	4183.0	2842.25	1651.0	794.0	330.75	156.75	116.25	64.75	21.5	9.5	1.75	2.0	0.5	0.0	0.0	0.0	0.0	0.0	0.0	0.0	0.0	0.0	0.0	0.0	0.0	0.0	0.0	0.0	0.0	0.0	0.0	0.0	0.0	0.0	0.0	0.0	0.0	0.0	0.0	0.0
DR1021-SAH_2	0.0	0.0	0.0	0.0	0.0	0.0	0.0	0.0	0.0	0.0	0.0	0.25	0.0	0.0	0.0	0.25	0.0	0.0	0.0	0.0	0.0	0.0	0.0	0.0	0.0	0.0	0.0	0.25	0.0	0.0	0.0	0.0	0.0	0.0	0.0	0.0	0.5	0.25	0.0	0.75	2.0	3.0	3.0	4.75	6.0	6.75	14.0	35.5	65.25	133.0	171.0	219.5	272.25	655.25	1670.5	3273.25	5031.0	5192.0	4759.75	4591.0	3701.25	2197.25	1103.0	573.75	339.75	225.0	153.75	136.75	115.75	74.25	48.5	30.25	18.75	13.0	8.0	6.0	4.75	4.0	2.5	2.0	1.75	0.75	0.25	1.0	0.25	0.75	0.25	0.25	0.25	0.25	0.0	0.5	0.0	0.5	0.0	0.25	0.0	0.0	0.0	0.0	0.0
DR1025-E_1	0.0	0.0	0.0	0.0	0.0	0.0	0.0	0.0	0.0	0.0	0.0	0.0	0.0	0.0	0.0	0.0	0.0	0.0	0.0	0.0	0.0	0.0	0.0	0.0	0.0	0.0	0.0	0.0	0.0	0.0	0.0	0.25	0.25	0.75	0.25	0.5	1.75	3.25	1.25	3.25	8.5	19.5	22.0	22.75	56.5	51.75	26.5	45.75	113.75	182.0	295.5	465.5	805.0	1055.5	1224.75	2168.25	3163.75	2380.0	2639.25	2735.0	2180.75	1917.5	1071.75	368.25	217.5	211.5	129.75	56.75	20.75	6.75	11.5	7.5	0.75	0.0	0.0	0.0	0.0	0.0	0.0	0.0	0.0	0.0	0.0	0.0	0.0	0.0	0.0	0.0	0.0	0.0	0.0	0.0	0.0	0.0	0.0	0.0	0.0	0.0	0.0	0.0	0.0
DR1025-E_2	0.0	0.0	0.0	0.0	0.0	0.0	0.0	0.0	0.0	0.0	0.0	0.0	0.0	0.0	0.0	0.0	0.0	0.0	0.0	0.0	0.0	0.0	0.0	0.0	0.25	0.0	0.0	0.0	0.0	0.0	0.0	0.0	0.0	0.0	0.5	1.25	1.5	3.0	3.75	3.0	3.75	14.25	34.5	48.75	69.25	127.75	169.75	227.75	247.0	337.5	410.25	371.0	523.25	931.25	1786.0	2914.75	3679.0	2629.0	2391.5	2223.0	2015.0	1094.25	496.75	261.5	178.0	126.75	113.5	102.5	65.5	40.0	29.5	20.5	9.5	4.5	4.25	4.5	3.75	1.0	3.0	1.25	1.5	1.25	2.25	0.75	0.25	0.0	0.25	0.5	0.25	0.5	0.25	0.5	0.5	0.25	0.0	0.25	0.0	0.0	0.0	0.25	0.6666666666666666
DR1025-SAH_1	0.0	0.0	0.0	0.0	0.0	0.0	0.0	0.0	0.0	0.0	0.0	0.0	0.0	0.0	0.0	0.0	0.0	0.0	0.0	0.0	0.0	0.0	0.0	0.0	0.0	0.0	0.0	0.0	0.0	0.0	0.5	0.25	0.25	0.0	0.5	1.0	1.25	2.0	2.0	1.0	2.0	1.5	1.75	3.0	3.25	5.0	1.75	8.75	20.5	45.0	150.75	312.5	559.0	616.75	1179.25	2186.25	3004.5	4465.75	5330.5	5846.0	5043.5	3955.25	2552.75	1278.5	551.5	238.25	157.25	81.5	42.0	14.75	11.25	9.25	3.0	0.5	0.0	0.25	0.0	0.0	0.0	0.0	0.0	0.0	0.0	0.0	0.0	0.0	0.0	0.0	0.0	0.0	0.0	0.0	0.0	0.0	0.0	0.0	0.0	0.0	0.0	0.0	0.0
DR1025-SAH_2	0.0	0.0	0.0	0.0	0.0	0.0	0.0	0.0	0.0	0.0	0.0	0.0	0.0	0.0	0.0	0.0	0.25	0.25	0.0	0.0	0.0	0.0	0.0	0.0	0.25	0.0	0.0	0.0	0.0	0.0	0.0	0.0	0.0	0.0	0.0	0.0	0.0	0.5	0.75	0.75	1.25	3.0	3.0	3.0	6.0	6.25	17.75	49.25	99.5	212.0	311.5	329.75	422.5	902.0	2099.5	3781.25	5431.75	5649.25	5495.75	4855.0	3466.75	2012.0	965.0	488.25	314.75	205.0	150.75	130.5	98.5	73.75	47.25	31.75	19.75	14.0	11.0	4.75	5.0	4.75	2.5	1.0	1.0	2.0	0.75	1.0	1.75	0.75	1.0	1.25	0.5	0.5	0.25	0.5	0.25	0.0	0.0	0.5	0.5	0.25	0.25	0.5	0.6666666666666666
DR1027-E_1	0.0	0.0	0.0	0.0	0.0	0.0	0.0	0.0	0.0	0.0	0.0	0.0	0.0	0.0	0.0	0.0	0.0	0.0	0.0	0.0	0.0	0.0	0.0	0.0	0.0	0.0	0.0	0.0	0.0	0.0	0.0	0.0	0.25	0.25	0.75	0.75	1.0	2.75	2.25	2.0	5.0	40.75	28.5	16.25	85.75	62.0	145.5	284.5	138.5	225.0	1454.0	1452.75	1778.25	2409.75	3045.75	4189.0	4317.25	2455.75	1552.75	1410.75	1011.0	692.5	390.0	231.0	139.0	87.5	72.75	46.25	16.0	7.0	8.5	5.0	0.5	0.0	0.0	0.0	0.0	0.0	0.0	0.0	0.0	0.0	0.0	0.0	0.0	0.0	0.0	0.0	0.0	0.0	0.0	0.0	0.0	0.0	0.0	0.0	0.0	0.0	0.0	0.0	0.0
DR1027-E_2	0.0	0.0	0.0	0.0	0.0	0.0	0.0	0.0	0.0	0.0	0.0	0.25	0.25	0.0	0.0	0.25	0.0	0.0	0.0	0.0	0.0	0.0	0.0	0.0	0.0	0.0	0.0	0.0	0.0	0.0	0.0	0.0	0.0	0.75	1.25	0.75	2.0	2.75	4.25	8.25	18.25	37.5	76.75	87.75	113.0	206.0	222.75	339.5	902.5	2335.5	1993.25	851.5	1104.25	2012.25	2320.5	2909.25	3916.75	3119.0	1801.0	1178.25	706.0	413.0	236.75	161.5	125.75	76.5	47.25	50.0	39.0	26.5	16.0	10.75	6.25	4.0	3.75	3.75	1.0	0.75	0.75	1.5	0.25	0.75	1.25	0.75	1.0	0.25	0.75	0.75	0.0	0.25	0.25	0.25	0.0	0.25	0.0	0.5	0.75	0.25	0.0	0.25	0.3333333333333333
DR1027-H_1	0.0	0.0	0.0	0.0	0.0	0.0	0.0	0.0	0.0	0.0	0.0	0.0	0.0	0.0	0.0	0.0	0.0	0.0	0.0	0.0	0.0	0.0	0.0	0.0	0.0	0.0	0.0	0.0	0.0	0.0	0.0	0.0	0.0	0.0	0.0	0.0	0.0	0.5	1.25	1.5	0.25	3.0	2.25	1.75	8.5	9.0	22.25	56.0	65.75	127.75	174.75	263.25	531.25	1048.75	1947.75	2758.75	4221.0	5285.5	6106.0	7483.0	5082.5	3454.0	2135.25	912.75	538.25	348.25	252.75	156.75	57.0	11.75	7.5	9.25	3.75	0.5	0.5	0.0	0.0	0.0	0.0	0.0	0.0	0.0	0.0	0.0	0.0	0.0	0.0	0.0	0.0	0.0	0.0	0.0	0.0	0.0	0.0	0.0	0.0	0.0	0.0	0.0	0.0
DR1027-H_2	0.0	0.0	0.0	0.0	0.0	0.0	0.0	0.0	0.0	0.0	0.0	0.0	0.0	0.0	0.0	0.0	0.0	0.0	0.0	0.0	0.0	0.0	0.0	0.0	0.0	0.0	0.0	0.0	0.0	0.0	0.0	0.0	0.0	0.0	0.0	0.0	0.25	0.25	0.0	0.75	3.0	6.0	8.5	4.75	11.0	30.0	28.0	56.5	112.5	247.0	376.25	382.0	1015.25	1947.0	2903.75	5052.75	5853.0	5723.5	6385.75	5141.25	3360.75	1798.25	868.75	520.5	342.0	243.75	219.75	217.25	169.5	102.75	61.5	41.5	26.5	18.0	11.0	10.25	7.25	3.5	2.5	2.75	2.75	2.0	1.75	1.0	1.0	0.75	1.25	0.25	0.25	0.75	0.0	0.0	0.25	0.25	0.25	0.25	0.0	0.0	0.25	0.25	0.3333333333333333
DR1027-SAH_1	0.0	0.0	0.0	0.0	0.0	0.0	0.0	0.0	0.0	0.0	0.0	0.0	0.0	0.0	0.0	0.0	0.0	0.0	0.0	0.0	0.0	0.0	0.0	0.0	0.0	0.0	0.0	0.0	0.0	0.0	0.0	0.0	0.0	0.0	0.5	1.0	1.0	1.75	2.0	1.75	2.5	2.25	1.75	3.5	5.75	2.25	2.0	5.25	23.0	58.5	210.75	257.0	392.0	521.25	997.75	1874.5	2863.25	4155.25	4604.75	4905.0	3926.0	2919.5	1892.25	811.75	419.5	202.5	125.75	77.25	30.25	7.0	10.0	6.25	2.25	1.25	0.5	0.0	0.25	0.0	0.0	0.0	0.0	0.0	0.0	0.0	0.0	0.0	0.0	0.0	0.0	0.0	0.0	0.0	0.0	0.0	0.0	0.0	0.0	0.0	0.0	0.0	0.0
DR1027-SAH_2	0.0	0.0	0.0	0.0	0.0	0.0	0.0	0.0	0.0	0.0	0.0	0.0	0.0	0.0	0.0	0.0	0.0	0.0	0.0	0.0	0.0	0.0	0.0	0.0	0.0	0.0	0.0	0.0	0.0	0.0	0.0	0.0	0.0	0.0	0.0	0.25	0.5	0.25	1.0	0.75	1.5	1.75	4.25	5.75	6.0	5.5	12.25	35.0	124.25	276.5	337.75	295.0	420.5	902.5	1934.0	3410.25	4641.0	4829.75	4725.25	3764.0	2425.0	1338.0	664.0	348.0	230.0	160.0	127.5	100.75	79.5	56.75	31.5	21.0	18.75	9.75	5.75	2.5	2.75	2.25	1.0	1.0	0.75	1.75	0.75	1.0	2.25	1.0	0.0	0.25	0.5	0.25	0.25	0.25	0.25	0.5	0.5	1.0	0.25	0.0	0.0	0.0	0.3333333333333333
DR1028-SAH_1	0.0	0.0	0.0	0.0	0.0	0.0	0.0	0.0	0.0	0.0	0.0	0.0	0.0	0.0	0.0	0.0	0.0	0.0	0.0	0.0	0.0	0.0	0.0	0.0	0.0	0.0	0.0	0.0	0.0	0.0	0.0	0.0	0.0	0.0	0.0	0.0	0.25	0.25	0.5	1.0	1.25	1.0	1.75	0.75	1.75	1.0	0.75	3.0	10.75	39.75	147.25	264.75	347.75	427.0	831.75	1499.25	1899.5	2787.75	3393.0	3701.5	3619.5	3608.5	2597.0	1373.0	796.75	458.25	295.75	181.75	88.0	30.0	9.5	2.75	2.0	1.25	0.0	0.0	0.0	0.0	0.0	0.0	0.0	0.25	0.0	0.0	0.0	0.0	0.0	0.0	0.0	0.0	0.0	0.0	0.0	0.0	0.0	0.0	0.0	0.0	0.0	0.0	0.0
DR1028-SAH_2	0.0	0.0	0.0	0.0	0.0	0.0	0.0	0.0	0.0	0.0	0.25	0.25	0.0	0.0	0.0	0.0	0.25	0.0	0.0	0.0	0.0	0.0	0.0	0.0	0.0	0.0	0.0	0.0	0.0	0.0	0.0	0.0	0.25	0.25	0.0	0.25	0.25	0.0	0.25	0.5	0.0	0.25	1.0	1.5	3.0	3.5	15.25	42.25	96.75	215.25	302.75	277.75	390.25	679.75	1249.25	2236.5	3540.75	3927.0	3983.0	3632.5	2820.25	1788.75	1012.75	623.5	436.5	359.0	259.0	183.25	137.25	90.25	58.0	35.75	26.0	14.0	9.75	9.0	6.75	4.25	2.5	2.25	2.25	1.75	1.5	1.0	0.75	0.75	1.0	0.5	0.25	0.25	0.5	0.0	0.5	0.5	0.0	0.0	0.25	0.25	0.0	0.5	1.0
DR1029-SAH_1	0.0	0.0	0.0	0.0	0.0	0.0	0.0	0.0	0.0	0.0	0.0	0.0	0.0	0.0	0.0	0.0	0.0	0.0	0.0	0.0	0.0	0.0	0.0	0.0	0.0	0.0	0.0	0.0	0.0	0.0	0.0	0.0	0.25	0.25	0.0	0.0	1.0	1.25	1.25	2.75	1.25	3.25	2.5	4.0	4.0	4.0	5.25	7.0	21.0	94.25	246.0	332.25	491.25	596.25	867.75	1698.75	2321.25	3452.25	3726.75	3777.0	3736.5	4023.25	2481.75	1281.75	797.0	411.5	275.0	209.0	70.25	22.5	8.75	3.5	2.5	0.0	0.0	0.0	0.0	0.0	0.0	0.0	0.0	0.0	0.0	0.0	0.0	0.0	0.0	0.0	0.0	0.0	0.0	0.0	0.0	0.0	0.0	0.0	0.0	0.0	0.0	0.0	0.0
DR1029-SAH_2	0.0	0.0	0.0	0.0	0.0	0.0	0.0	0.0	0.0	0.0	0.25	0.25	0.0	0.0	0.0	0.0	0.0	0.0	0.0	0.0	0.25	0.25	0.0	0.0	0.0	0.0	0.0	0.0	0.0	0.0	0.0	0.0	0.25	0.0	0.0	0.25	0.75	0.75	2.25	0.75	2.25	3.5	5.0	5.5	3.75	8.0	20.5	74.5	141.0	277.25	603.25	483.25	385.25	807.5	1516.5	2507.75	3427.75	3502.25	3867.25	4159.75	3554.0	2174.0	1173.25	704.25	412.75	256.75	215.75	211.5	163.5	110.75	71.25	39.75	27.25	17.75	14.75	9.25	6.75	4.25	4.25	1.75	2.75	2.0	1.0	1.0	0.5	0.25	0.25	0.75	0.0	0.5	0.5	0.25	0.0	0.0	0.5	0.75	0.5	0.25	0.0	0.0	0.0
DR1030-E_1	0.0	0.0	0.0	0.0	0.0	0.0	0.0	0.0	0.0	0.0	0.0	0.0	0.0	0.0	0.0	0.0	0.0	0.0	0.0	0.0	0.0	0.25	0.25	0.0	0.0	0.0	0.0	0.0	0.0	0.0	0.0	0.25	0.25	0.25	1.75	1.0	1.5	3.0	3.5	4.0	4.25	7.75	6.75	5.0	11.75	13.75	29.5	56.25	26.0	109.25	97.75	74.5	134.75	353.0	836.5	4656.75	9278.75	9201.75	1711.5	546.0	350.5	258.25	142.5	61.25	34.75	20.0	14.5	13.25	7.5	3.0	1.0	0.0	0.0	0.0	0.0	0.0	0.0	0.0	0.0	0.0	0.0	0.0	0.0	0.0	0.0	0.0	0.0	0.0	0.0	0.0	0.0	0.0	0.0	0.0	0.0	0.0	0.0	0.0	0.0	0.0	0.0
DR1030-E_2	0.0	0.0	0.0	0.0	0.0	0.0	0.0	0.0	0.0	0.0	0.0	0.0	0.0	0.0	0.0	0.0	0.0	0.0	0.0	0.0	0.25	0.0	0.0	0.25	0.0	0.0	0.0	0.0	0.0	0.0	0.0	0.25	0.5	0.0	0.0	0.0	0.0	1.75	1.0	2.25	4.75	7.25	11.25	10.5	24.25	42.75	36.25	48.0	119.25	102.25	73.5	76.75	130.0	333.0	578.0	1832.0	10348.0	10403.75	2835.25	955.5	501.0	288.5	169.0	113.25	72.5	44.5	36.5	36.0	26.0	9.75	6.5	5.25	4.5	1.25	1.0	0.25	0.75	1.75	0.25	0.5	0.25	0.25	0.25	0.5	0.5	0.0	0.75	0.75	0.5	0.25	0.5	0.25	0.5	0.75	0.25	0.25	0.25	0.0	0.25	0.0	0.0
DR1030-SAH_1	0.0	0.0	0.0	0.0	0.0	0.0	0.0	0.0	0.0	0.0	0.0	0.0	0.0	0.0	0.0	0.0	0.0	0.0	0.0	0.0	0.0	0.0	0.0	0.0	0.0	0.0	0.0	0.0	0.0	0.0	0.25	0.5	0.25	0.75	0.5	0.25	0.5	1.0	1.5	3.0	1.75	1.5	2.0	2.5	2.5	2.25	2.25	4.5	14.25	38.75	141.75	237.5	357.25	566.25	984.5	1736.25	2446.5	3298.5	3877.5	4231.75	3732.75	3049.0	2014.0	981.0	488.5	237.5	118.25	75.25	31.0	8.75	5.5	2.0	1.25	0.5	0.0	0.0	0.0	0.0	0.0	0.0	0.0	0.0	0.0	0.0	0.0	0.0	0.0	0.0	0.0	0.0	0.0	0.0	0.0	0.0	0.0	0.0	0.0	0.0	0.0	0.0	0.0
DR1030-SAH_2	0.0	0.0	0.0	0.0	0.0	0.0	0.0	0.0	0.0	0.0	0.0	0.0	0.0	0.0	0.0	0.0	0.0	0.0	0.0	0.0	0.0	0.0	0.0	0.0	0.0	0.0	0.0	0.0	0.0	0.0	0.25	0.0	0.0	0.0	0.0	0.0	0.25	0.25	0.5	2.0	1.75	2.25	4.5	3.75	5.25	5.0	15.25	54.25	98.5	191.25	274.75	308.25	350.5	764.75	1609.75	2753.75	3988.75	4260.0	4273.25	3590.25	2483.25	1421.75	761.0	488.75	355.75	223.75	132.25	91.25	69.75	43.5	26.25	18.75	15.0	9.5	5.25	3.75	4.5	5.0	2.25	2.5	0.75	0.25	0.5	0.5	0.0	0.5	0.75	0.5	0.25	0.0	0.0	0.0	0.25	0.25	0.0	0.25	0.0	0.5	0.5	0.5	0.3333333333333333
DR1034-SAH_1	0.0	0.0	0.0	0.0	0.0	0.0	0.0	0.0	0.0	0.0	0.0	0.0	0.0	0.0	0.0	0.0	0.0	0.0	0.0	0.0	0.0	0.0	0.0	0.0	0.0	0.0	0.0	0.0	0.0	0.0	0.0	0.0	0.5	0.25	0.25	0.5	0.25	0.25	1.0	1.25	1.5	1.5	2.5	1.75	4.0	1.25	2.75	8.0	28.0	75.25	488.5	544.75	426.5	621.5	979.5	1605.25	1983.0	3227.0	3541.0	3537.5	3529.0	3368.0	2375.5	1124.75	730.5	380.0	201.0	133.75	49.25	17.0	5.75	2.5	1.75	0.5	0.0	0.0	0.0	0.0	0.0	0.0	0.0	0.0	0.0	0.0	0.0	0.0	0.0	0.0	0.0	0.0	0.0	0.0	0.0	0.0	0.0	0.0	0.0	0.0	0.0	0.0	0.0
DR1034-SAH_2	0.0	0.0	0.0	0.0	0.0	0.0	0.0	0.0	0.0	0.0	0.0	0.0	0.0	0.0	0.0	0.0	0.0	0.0	0.0	0.0	0.0	0.0	0.0	0.0	0.0	0.0	0.0	0.0	0.0	0.0	0.0	0.25	0.0	0.0	0.0	0.25	0.25	0.25	0.5	1.0	1.25	1.0	2.75	3.5	7.0	13.5	45.5	325.5	424.0	283.25	494.25	535.25	421.75	614.25	1170.75	2191.0	3307.5	3864.0	3979.25	3573.75	2682.25	1766.75	1215.0	722.25	453.25	271.5	192.0	146.25	104.75	74.0	43.0	28.0	18.0	12.75	7.75	5.25	4.0	3.25	1.0	2.0	1.0	1.5	0.5	0.25	0.0	0.75	0.0	0.0	0.25	0.25	0.0	0.25	0.75	0.5	0.0	0.0	0.0	0.0	0.0	0.25	0.0
DR1035-E_1	0.0	0.0	0.0	0.0	0.0	0.0	0.0	0.0	0.0	0.0	0.0	0.0	0.0	0.0	0.0	0.0	0.0	0.0	0.0	0.0	0.0	0.0	0.0	0.0	0.0	0.0	0.0	0.0	0.0	0.0	0.0	0.0	0.0	0.25	0.0	0.0	0.0	0.0	0.0	0.0	0.0	2.0	0.75	1.75	4.25	3.0	3.0	4.75	6.25	30.75	66.75	157.75	389.5	747.75	5226.0	4992.75	3577.25	2604.25	2984.75	2940.75	2440.0	1768.75	1165.75	569.75	303.75	186.25	147.25	86.0	29.25	15.5	8.5	5.25	0.5	0.25	0.0	0.0	0.0	0.0	0.0	0.0	0.0	0.0	0.0	0.0	0.0	0.0	0.0	0.0	0.0	0.0	0.0	0.0	0.0	0.0	0.0	0.0	0.0	0.0	0.0	0.0	0.0
DR1035-E_2	0.0	0.0	0.0	0.0	0.0	0.0	0.0	0.0	0.0	0.0	0.0	0.0	0.0	0.0	0.0	0.0	0.0	0.0	0.0	0.0	0.0	0.0	0.0	0.0	0.25	0.0	0.0	0.0	0.0	0.0	0.0	0.0	0.0	0.0	0.25	0.0	0.0	0.25	1.0	1.25	0.25	1.25	1.75	3.75	4.0	4.75	7.0	20.75	48.5	117.25	119.25	131.25	370.0	869.0	2634.75	6456.75	5311.0	4224.25	3149.5	2449.5	1676.5	970.5	475.5	285.25	194.25	154.25	141.5	119.0	86.5	54.75	31.75	24.5	18.0	10.25	6.0	5.25	3.5	1.75	0.5	1.25	1.5	1.0	1.25	0.25	0.25	0.5	0.25	0.0	0.25	0.0	0.5	0.0	0.75	0.25	0.25	0.0	0.5	0.25	0.25	0.0	0.0
DR1035-H_1	0.0	0.0	0.0	0.0	0.0	0.0	0.0	0.0	0.0	0.0	0.0	0.0	0.0	0.0	0.0	0.0	0.0	0.0	0.0	0.0	0.0	0.0	0.0	0.0	0.0	0.0	0.0	0.0	0.0	0.0	0.0	0.0	0.0	0.25	0.5	0.0	0.0	0.0	0.0	0.0	0.5	0.25	0.0	0.0	0.0	1.25	0.5	2.75	8.0	22.75	67.0	201.75	603.25	606.5	1187.75	3540.25	6167.5	3733.75	4997.75	5556.25	3761.25	2479.5	1522.75	777.0	401.0	206.75	151.75	94.5	26.5	5.5	2.25	0.0	0.0	0.0	0.0	0.0	0.0	0.0	0.0	0.0	0.0	0.0	0.0	0.0	0.0	0.0	0.0	0.0	0.0	0.0	0.0	0.0	0.0	0.0	0.0	0.0	0.0	0.0	0.0	0.0	0.0
DR1035-H_2	0.0	0.0	0.0	0.0	0.0	0.0	0.0	0.0	0.0	0.0	0.0	0.0	0.0	0.0	0.0	0.0	0.0	0.0	0.0	0.0	0.0	0.0	0.0	0.0	0.0	0.0	0.0	0.0	0.0	0.0	0.0	0.0	0.0	0.0	0.0	0.0	0.0	0.0	0.0	0.75	0.25	0.0	0.25	0.0	1.0	1.75	7.25	28.5	60.0	96.5	132.0	183.5	318.75	742.5	2042.5	5244.25	6673.5	5599.0	4784.75	3928.0	2530.0	1432.0	657.0	363.75	239.25	171.25	167.0	151.75	100.5	56.75	30.5	21.0	17.25	13.25	9.5	4.0	1.25	3.75	1.75	1.0	1.75	1.5	0.5	1.0	0.25	0.5	0.25	0.0	0.0	0.75	0.25	0.0	0.25	0.25	0.0	0.0	0.0	0.25	0.25	0.25	0.0
DR1035-SAH_1	0.0	0.0	0.0	0.0	0.0	0.0	0.0	0.0	0.0	0.0	0.0	0.0	0.0	0.0	0.0	0.0	0.0	0.0	0.0	0.0	0.0	0.0	0.0	0.0	0.0	0.0	0.0	0.0	0.0	0.0	0.0	0.0	0.0	0.75	0.25	0.75	0.5	1.0	1.25	2.25	1.75	0.75	1.25	3.0	5.0	2.0	1.75	5.25	13.25	60.25	155.25	325.5	502.0	700.75	1450.0	2390.5	3186.25	3674.5	4139.25	4490.5	3989.0	3215.5	2038.0	955.5	451.75	215.25	127.25	73.25	29.0	12.25	5.0	3.5	1.25	1.5	0.25	0.25	0.0	0.0	0.0	0.0	0.0	0.0	0.0	0.0	0.0	0.0	0.0	0.0	0.0	0.0	0.0	0.0	0.0	0.0	0.0	0.0	0.0	0.0	0.0	0.0	0.0
DR1035-SAH_2	0.0	0.0	0.0	0.0	0.0	0.0	0.0	0.0	0.0	0.0	0.0	0.0	0.0	0.0	0.0	0.0	0.0	0.0	0.0	0.0	0.0	0.0	0.0	0.0	0.0	0.0	0.0	0.0	0.0	0.0	0.0	0.0	0.0	0.0	0.0	0.0	0.5	0.25	1.25	2.75	2.25	1.75	2.25	3.25	4.25	6.5	21.25	111.0	160.75	244.0	279.75	296.0	481.0	913.75	1915.5	3269.0	4669.25	5083.0	4680.5	3956.5	2703.75	1503.5	761.0	410.0	242.25	170.5	122.75	98.25	70.0	52.0	31.25	20.75	15.5	10.75	7.5	6.0	4.75	2.25	1.75	1.75	0.75	0.75	1.0	1.0	1.0	0.5	0.0	0.25	0.25	0.5	0.5	0.0	0.25	0.0	0.25	0.0	0.5	0.25	0.0	0.0	0.0
DR1036-SAH_1	0.0	0.0	0.0	0.0	0.0	0.0	0.0	0.0	0.0	0.0	0.0	0.0	0.0	0.0	0.0	0.0	0.0	0.0	0.0	0.0	0.0	0.0	0.0	0.0	0.0	0.0	0.0	0.0	0.0	0.0	0.0	0.0	0.25	0.0	1.0	1.25	0.5	1.25	1.0	2.5	1.25	0.5	1.0	2.5	1.5	3.5	2.5	4.0	13.0	35.0	111.25	180.75	260.0	358.0	664.75	1390.5	2118.75	3373.25	3949.5	4268.25	3787.0	2934.0	1910.25	850.5	388.0	196.5	115.25	67.5	24.0	6.5	6.75	4.0	1.5	1.0	0.25	0.0	0.0	0.0	0.0	0.0	0.0	0.0	0.0	0.0	0.0	0.0	0.0	0.0	0.0	0.0	0.0	0.0	0.0	0.0	0.0	0.0	0.0	0.0	0.0	0.0	0.0
DR1036-SAH_2	0.0	0.0	0.0	0.0	0.0	0.0	0.0	0.0	0.0	0.0	0.0	0.0	0.0	0.0	0.0	0.0	0.0	0.0	0.0	0.0	0.0	0.0	0.0	0.0	0.0	0.0	0.0	0.0	0.25	0.25	0.0	0.25	0.0	0.0	0.0	0.0	0.0	0.5	1.25	1.0	0.5	2.25	3.5	4.25	4.0	4.5	10.75	27.75	81.0	176.25	230.0	241.75	250.25	554.75	1334.25	2601.5	3839.75	4285.5	4324.75	3578.0	2347.25	1314.0	663.25	345.0	204.25	148.25	112.5	97.25	72.0	44.25	29.0	16.75	11.25	10.0	6.75	4.25	2.75	2.5	2.25	1.75	0.75	1.0	0.75	0.75	1.5	0.25	0.0	0.0	0.5	0.0	0.25	0.0	0.0	0.5	0.5	0.25	0.0	0.0	0.0	0.0	0.6666666666666666
DR1038-A-SAH_1	0.0	0.0	0.0	0.0	0.0	0.0	0.0	0.0	0.0	0.0	0.0	0.0	0.0	0.0	0.0	0.0	0.0	0.0	0.0	0.0	0.0	0.0	0.0	0.0	0.0	0.0	0.0	0.0	0.0	0.0	0.0	0.0	0.0	0.0	0.5	1.0	0.75	0.75	1.75	0.75	2.0	1.75	2.0	0.5	1.25	2.25	3.25	3.0	9.0	32.25	85.75	153.75	275.0	348.75	556.0	1182.0	1865.25	2876.5	3364.75	4256.0	4453.0	4164.75	2864.25	1439.5	931.5	488.0	271.5	187.5	83.75	23.5	8.75	3.75	2.25	0.5	0.0	0.0	0.0	0.25	0.0	0.0	0.0	0.0	0.0	0.0	0.0	0.0	0.0	0.0	0.0	0.0	0.0	0.0	0.0	0.0	0.0	0.0	0.0	0.0	0.0	0.0	0.0
DR1038-A-SAH_2	0.0	0.0	0.0	0.0	0.0	0.0	0.0	0.0	0.0	0.0	0.0	0.0	0.0	0.0	0.0	0.0	0.0	0.0	0.0	0.0	0.0	0.0	0.0	0.0	0.0	0.0	0.0	0.0	0.0	0.0	0.0	0.0	0.0	0.0	0.0	0.0	0.0	0.25	0.75	2.0	0.75	2.0	2.75	3.0	2.5	3.0	5.0	18.0	46.5	143.25	241.0	235.5	238.25	546.25	1143.0	2203.0	3809.25	4510.75	4530.75	4118.75	3087.25	1891.5	1063.5	652.75	419.0	289.5	223.0	187.25	146.25	102.5	63.5	32.25	20.0	14.5	9.25	6.0	5.25	4.0	2.5	2.5	2.25	1.75	1.5	1.25	0.75	1.25	0.75	0.25	0.5	0.25	0.0	0.0	0.0	0.0	0.0	0.25	0.0	0.25	0.25	0.0	0.3333333333333333
DR1038-SAH_1	0.0	0.0	0.0	0.0	0.0	0.0	0.0	0.0	0.0	0.0	0.0	0.0	0.0	0.0	0.0	0.0	0.0	0.0	0.0	0.0	0.0	0.0	0.0	0.0	0.0	0.0	0.0	0.0	0.0	0.0	0.0	0.25	0.25	0.0	0.75	0.5	0.75	2.0	1.0	2.0	2.5	1.5	2.25	2.0	3.5	2.25	2.0	9.25	24.0	56.5	121.5	219.0	325.25	482.75	849.0	1670.75	2571.25	3832.0	4201.5	4265.0	3805.75	3077.25	1868.5	762.75	358.5	164.5	106.0	54.25	19.0	8.75	5.0	2.25	0.75	0.25	0.0	0.0	0.0	0.0	0.0	0.0	0.0	0.0	0.0	0.0	0.0	0.0	0.0	0.0	0.0	0.0	0.0	0.0	0.0	0.0	0.0	0.0	0.0	0.0	0.0	0.0	0.0
DR1038-SAH_2	0.0	0.0	0.0	0.0	0.0	0.0	0.0	0.0	0.0	0.0	0.25	0.25	0.0	0.0	0.0	0.0	0.0	0.0	0.0	0.0	0.0	0.0	0.0	0.0	0.0	0.0	0.0	0.0	0.0	0.0	0.0	0.0	0.0	0.0	0.0	0.0	0.0	0.0	0.25	1.75	1.0	3.0	4.25	5.25	4.5	5.75	12.75	36.25	96.25	229.25	334.0	347.5	397.5	802.75	1738.75	3139.0	4183.75	4264.5	4210.0	3462.0	2388.0	1348.0	656.5	387.75	256.25	184.5	137.75	109.75	80.75	50.25	31.5	22.5	14.75	10.75	7.25	2.5	2.5	3.0	2.75	1.75	0.75	1.0	1.25	1.25	1.25	1.0	0.5	0.5	0.5	0.0	0.0	0.0	0.0	0.25	0.5	0.75	0.25	0.0	0.0	0.0	0.3333333333333333
DR1039-SAH_1	0.0	0.0	0.0	0.0	0.0	0.0	0.0	0.0	0.0	0.0	0.0	0.0	0.0	0.0	0.0	0.0	0.0	0.0	0.0	0.0	0.0	0.0	0.0	0.0	0.0	0.0	0.0	0.0	0.0	0.0	0.0	0.0	0.0	0.0	0.25	0.5	0.5	1.25	0.5	1.75	2.5	2.75	4.0	2.5	2.0	1.5	1.25	7.25	17.25	49.5	161.25	253.75	365.75	475.75	800.5	1523.75	2490.75	3624.25	4079.0	4110.25	3370.0	2838.25	1846.5	739.0	312.5	155.5	88.75	45.75	21.5	10.5	3.75	2.25	1.0	0.0	0.0	0.0	0.0	0.0	0.0	0.0	0.0	0.0	0.0	0.0	0.0	0.0	0.0	0.0	0.0	0.0	0.0	0.0	0.0	0.0	0.0	0.0	0.0	0.0	0.0	0.0	0.0
DR1039-SAH_2	0.0	0.0	0.0	0.0	0.0	0.0	0.0	0.0	0.0	0.0	0.0	0.0	0.0	0.0	0.25	0.25	0.0	0.0	0.0	0.0	0.0	0.0	0.0	0.0	0.0	0.0	0.0	0.0	0.0	0.0	0.0	0.0	0.0	0.0	0.0	0.0	0.0	0.25	0.25	0.75	1.5	3.0	1.75	3.75	3.75	5.75	9.5	41.0	104.75	244.25	295.5	310.75	387.75	759.25	1675.25	3044.75	4036.0	3964.5	4095.5	3391.5	2198.75	1210.75	617.75	329.75	199.5	137.0	99.0	80.75	65.25	48.5	28.0	21.0	11.75	8.5	4.0	4.0	3.0	1.25	1.25	1.25	0.75	1.5	1.25	0.75	0.0	0.5	1.25	0.25	0.5	0.5	0.25	0.0	0.0	0.25	0.75	0.5	0.75	0.25	0.0	0.0	0.0
DR1040-SAH_1	0.0	0.0	0.0	0.0	0.0	0.0	0.0	0.0	0.0	0.0	0.0	0.0	0.0	0.0	0.0	0.0	0.0	0.0	0.0	0.0	0.0	0.0	0.0	0.0	0.0	0.0	0.0	0.0	0.0	0.0	0.0	0.0	0.0	0.25	0.25	0.5	0.5	0.5	0.75	1.0	1.0	1.75	2.75	1.5	0.75	2.0	1.75	1.75	7.25	48.75	186.75	1192.25	2075.5	2251.5	3861.5	4685.5	4223.5	2817.75	2783.75	1916.75	1144.0	657.0	357.75	262.25	111.75	38.75	13.5	7.25	4.25	0.25	0.5	0.25	0.0	0.0	0.0	0.0	0.0	0.0	0.0	0.0	0.0	0.0	0.0	0.0	0.0	0.0	0.0	0.0	0.0	0.0	0.0	0.0	0.0	0.0	0.0	0.0	0.0	0.0	0.0	0.0	0.0
DR1040-SAH_2	0.0	0.0	0.0	0.0	0.0	0.0	0.0	0.0	0.0	0.0	0.0	0.0	0.0	0.0	0.0	0.0	0.0	0.0	0.0	0.0	0.0	0.0	0.0	0.25	0.0	0.0	0.0	0.0	0.0	0.0	0.25	0.0	0.0	0.0	0.0	0.0	0.0	0.5	1.5	1.25	1.5	1.5	2.0	3.75	6.25	11.75	34.5	149.75	558.25	1027.25	815.0	564.25	800.25	1811.0	3636.75	6015.5	5244.5	2860.0	1896.0	1237.0	721.75	459.25	275.25	150.75	84.75	54.0	37.5	27.25	20.75	14.5	9.75	5.25	4.5	3.25	3.0	2.25	1.5	1.25	1.25	0.75	0.5	0.5	0.75	0.0	0.5	0.25	0.0	0.25	0.0	0.0	0.25	0.0	0.0	0.0	0.25	0.0	0.0	0.25	0.5	0.0	0.3333333333333333
DR1041-E_1	0.0	0.0	0.0	0.0	0.0	0.0	0.0	0.0	0.0	0.0	0.0	0.0	0.0	0.0	0.0	0.0	0.0	0.0	0.0	0.0	0.0	0.0	0.0	0.0	0.0	0.0	0.0	0.0	0.0	0.0	0.0	0.0	0.0	0.0	0.25	0.0	0.25	0.25	0.25	0.75	1.25	0.5	0.75	0.75	1.0	0.25	0.5	1.0	1.75	2.25	20.75	115.5	224.75	903.0	8143.25	7139.25	2213.25	848.75	2366.5	3735.25	374.5	127.25	55.75	42.0	27.0	10.25	5.5	2.25	1.25	0.5	0.0	0.0	0.0	0.0	0.0	0.0	0.0	0.0	0.0	0.0	0.0	0.0	0.0	0.0	0.0	0.0	0.0	0.0	0.0	0.0	0.0	0.0	0.0	0.0	0.0	0.0	0.0	0.0	0.0	0.0	0.0
DR1041-E_2	0.0	0.0	0.0	0.0	0.0	0.0	0.0	0.0	0.0	0.0	0.0	0.0	0.0	0.0	0.0	0.0	0.0	0.0	0.0	0.0	0.0	0.0	0.0	0.0	0.0	0.0	0.0	0.0	0.0	0.0	0.0	0.0	0.0	0.0	0.0	0.0	0.0	0.0	0.25	0.0	1.0	0.0	1.25	1.5	0.75	1.75	7.0	15.75	31.0	58.0	73.5	68.0	156.0	612.0	1720.0	6308.5	6905.5	5323.75	2750.25	820.75	330.25	190.0	116.25	69.0	56.25	39.25	28.0	20.0	9.75	5.75	4.0	3.0	2.75	2.5	0.5	0.75	1.25	1.0	1.75	0.25	1.25	0.25	0.75	0.25	0.25	0.5	0.25	0.25	0.25	0.25	0.5	0.0	0.0	0.0	0.0	0.5	0.5	0.0	0.0	0.0	0.0
DR1041-H_1	0.0	0.0	0.0	0.0	0.0	0.0	0.0	0.0	0.0	0.0	0.0	0.0	0.0	0.0	0.0	0.0	0.0	0.0	0.0	0.0	0.0	0.0	0.0	0.0	0.0	0.0	0.0	0.0	0.0	0.0	0.0	0.0	0.0	0.0	0.0	0.0	0.5	0.5	0.0	0.0	0.0	0.25	1.25	1.0	0.25	0.0	0.5	2.5	11.75	27.75	55.75	442.75	1376.25	2014.75	3946.25	6280.0	4135.5	3385.5	4333.0	3607.5	1741.0	953.75	525.5	398.5	180.0	79.25	46.75	12.0	4.25	1.75	0.25	0.25	0.0	0.0	0.0	0.0	0.0	0.0	0.0	0.0	0.0	0.0	0.0	0.0	0.0	0.0	0.0	0.0	0.0	0.0	0.0	0.0	0.0	0.0	0.0	0.0	0.0	0.0	0.0	0.0	0.0
DR1041-H_2	0.0	0.0	0.0	0.0	0.0	0.0	0.0	0.25	0.0	0.0	0.25	0.25	0.0	0.0	0.0	0.0	0.0	0.0	0.0	0.0	0.25	0.0	0.0	0.0	0.0	0.0	0.0	0.0	0.0	0.0	0.0	0.0	0.0	0.25	0.0	0.0	0.5	0.0	0.25	0.25	1.0	0.25	0.25	1.0	2.25	4.0	15.0	50.25	61.75	185.0	247.0	318.75	464.25	1608.0	4351.5	8010.0	6956.25	4424.5	2907.25	1360.0	748.25	533.5	358.0	205.75	120.5	85.25	62.25	35.25	18.75	9.75	5.0	6.25	3.0	4.25	4.0	1.0	0.5	1.5	1.25	0.75	0.25	0.0	0.0	0.0	0.0	0.5	0.75	0.0	0.25	0.25	0.25	0.25	0.25	0.5	0.0	0.25	0.0	0.0	0.0	0.0	0.3333333333333333
DR1041-SAH_1	0.0	0.0	0.0	0.0	0.0	0.0	0.0	0.0	0.0	0.0	0.0	0.0	0.0	0.0	0.0	0.0	0.0	0.0	0.0	0.0	0.0	0.0	0.0	0.0	0.0	0.0	0.0	0.0	0.0	0.0	0.0	0.0	0.0	0.0	0.0	0.5	1.0	1.0	1.0	0.5	1.0	1.75	2.0	2.0	1.75	2.0	1.5	2.25	2.75	12.75	39.25	369.5	732.75	1038.0	1698.75	2301.25	2514.0	3377.25	4444.5	3175.75	2127.0	1396.5	852.25	691.5	293.75	102.25	35.25	14.25	8.0	2.5	1.5	0.25	0.0	0.0	0.0	0.0	0.0	0.0	0.0	0.0	0.0	0.0	0.0	0.0	0.0	0.0	0.0	0.0	0.0	0.0	0.0	0.0	0.0	0.0	0.0	0.0	0.0	0.0	0.0	0.0	0.0
DR1041-SAH_2	0.0	0.0	0.0	0.0	0.0	0.0	0.0	0.0	0.0	0.0	0.0	0.0	0.0	0.25	0.0	0.0	0.0	0.0	0.0	0.0	0.0	0.0	0.0	0.0	0.0	0.0	0.0	0.0	0.0	0.0	0.0	0.0	0.0	0.0	0.0	0.25	0.25	0.0	0.75	1.25	1.25	1.5	2.25	4.0	3.75	3.75	8.0	42.75	53.5	117.25	139.75	133.5	281.0	875.0	2532.75	4710.25	4737.25	3524.5	2744.0	1770.75	1187.75	907.25	641.5	361.25	173.0	100.25	68.25	49.5	31.75	21.5	13.5	9.5	9.25	7.0	4.25	4.0	3.0	2.5	1.0	1.5	0.25	0.25	0.5	0.0	0.25	0.25	0.0	0.25	1.0	1.25	0.25	0.0	0.0	0.25	0.25	0.0	0.25	0.0	0.25	0.25	0.0
DR1042-E_1	0.0	0.0	0.0	0.0	0.0	0.0	0.0	0.0	0.0	0.0	0.0	0.0	0.0	0.0	0.0	0.0	0.0	0.0	0.0	0.0	0.0	0.0	0.0	0.0	0.0	0.0	0.0	0.0	0.0	0.0	0.0	0.0	0.0	0.25	0.25	0.25	1.0	1.5	4.5	5.25	5.5	3.0	3.0	8.25	8.75	9.5	7.5	7.25	18.75	63.0	367.75	2188.0	1886.75	5728.75	7017.75	6352.5	4021.25	1344.25	837.25	668.5	184.25	105.5	66.5	46.0	21.25	12.0	3.0	2.0	0.75	0.5	0.25	0.25	0.25	0.0	0.0	0.0	0.0	0.0	0.0	0.0	0.0	0.0	0.0	0.0	0.0	0.0	0.0	0.0	0.0	0.0	0.0	0.0	0.0	0.0	0.0	0.0	0.0	0.0	0.0	0.0	0.0
DR1042-E_2	0.0	0.0	0.0	0.0	0.0	0.0	0.0	0.0	0.25	0.0	0.0	0.0	0.0	0.0	0.0	0.0	0.0	0.0	0.0	0.0	0.0	0.0	0.0	0.0	0.25	0.25	0.0	0.0	0.0	0.0	0.0	0.0	0.0	0.0	0.0	0.5	0.25	1.5	3.0	2.5	5.25	2.5	5.25	9.75	18.0	26.0	79.75	274.0	436.0	1848.0	1080.0	526.0	416.5	1069.5	2982.75	8091.75	8920.5	2874.75	1045.25	434.5	237.0	145.25	106.75	83.25	55.0	44.0	30.25	20.0	14.25	8.25	6.25	4.25	2.25	1.75	1.25	1.0	0.5	0.75	0.5	1.5	0.0	1.25	0.5	0.25	0.5	0.5	0.0	0.25	1.0	1.0	0.25	0.0	0.25	0.0	0.5	0.25	0.0	0.25	0.25	0.25	0.6666666666666666
DR1042-H_1	0.0	0.0	0.0	0.0	0.0	0.0	0.0	0.0	0.0	0.0	0.0	0.0	0.0	0.0	0.0	0.0	0.0	0.0	0.0	0.0	0.0	0.0	0.0	0.0	0.0	0.0	0.0	0.0	0.0	0.0	0.0	0.0	0.0	0.25	0.25	0.75	1.0	0.75	0.75	1.5	0.5	1.0	0.25	2.5	2.25	2.5	1.75	3.25	9.75	22.0	85.5	904.25	2814.75	3640.0	3896.0	6376.5	3988.25	3742.0	6649.5	4636.0	2159.75	1487.75	990.25	728.25	374.25	172.5	56.0	30.0	12.75	4.75	1.5	0.75	0.5	0.0	0.5	0.0	0.0	0.0	0.0	0.0	0.0	0.0	0.25	0.25	0.0	0.0	0.0	0.0	0.0	0.0	0.0	0.0	0.0	0.0	0.0	0.0	0.0	0.0	0.0	0.0	0.0
DR1042-H_2	0.0	0.0	0.0	0.0	0.0	0.0	0.0	0.0	0.0	0.0	0.0	0.0	0.0	0.0	0.0	0.0	0.0	0.0	0.0	0.0	0.0	0.0	0.0	0.0	0.0	0.0	0.25	0.0	0.0	0.0	0.0	0.0	0.0	0.0	0.0	0.0	0.0	0.25	0.75	0.25	2.0	2.0	2.75	1.5	2.5	2.5	2.5	7.0	24.25	84.25	211.75	277.25	400.75	1199.25	3497.25	10869.75	12042.5	5768.0	3292.0	1909.0	1271.25	834.5	616.0	374.25	214.5	143.75	90.25	64.25	38.0	23.25	17.25	12.75	5.5	5.0	4.0	3.25	1.5	1.5	1.75	1.5	1.25	1.0	0.75	0.75	1.0	0.5	0.25	0.0	0.0	0.75	0.75	0.5	0.0	0.75	0.5	0.0	0.0	0.25	0.25	0.0	0.0
DR1042-SAH_1	0.0	0.0	0.0	0.0	0.0	0.0	0.0	0.0	0.0	0.0	0.0	0.0	0.0	0.0	0.0	0.0	0.0	0.0	0.0	0.0	0.0	0.0	0.0	0.0	0.0	0.0	0.0	0.0	0.0	0.0	0.0	0.5	0.0	1.25	0.5	0.5	2.5	2.25	2.25	3.25	2.5	3.5	2.25	1.0	3.5	3.75	2.25	4.5	10.75	47.0	170.75	827.0	1698.75	2165.75	2981.75	4106.5	3820.25	4126.0	5568.25	4326.0	2624.25	1711.75	963.75	693.25	313.25	130.75	41.0	19.25	10.5	3.5	1.5	0.25	0.0	0.0	0.0	0.0	0.0	0.0	0.0	0.0	0.0	0.0	0.0	0.0	0.0	0.0	0.0	0.0	0.0	0.0	0.0	0.0	0.0	0.0	0.0	0.0	0.0	0.0	0.0	0.0	0.0
DR1042-SAH_2	0.0	0.0	0.0	0.0	0.0	0.0	0.0	0.0	0.0	0.0	0.0	0.0	0.0	0.0	0.0	0.0	0.0	0.0	0.0	0.0	0.0	0.25	0.5	0.0	0.0	0.0	0.0	0.0	0.0	0.0	0.0	0.0	0.0	0.25	0.0	0.25	0.75	1.25	2.25	2.75	4.75	6.25	3.0	4.75	9.25	8.75	23.0	74.75	192.5	430.75	379.25	281.0	480.75	1378.75	3503.0	7509.25	7733.0	4859.75	3469.75	2375.75	1509.25	914.0	587.0	329.75	188.0	117.0	69.75	50.5	32.5	17.75	13.25	8.5	7.5	5.75	1.75	1.25	1.5	1.25	0.25	0.25	1.25	0.75	1.0	1.25	0.25	0.5	0.5	0.5	0.5	0.5	1.0	0.25	0.25	0.25	1.25	1.5	0.5	0.5	0.0	0.0	0.0
DR1043-E_1	0.0	0.0	0.0	0.0	0.0	0.0	0.0	0.0	0.0	0.0	0.0	0.0	0.0	0.0	0.0	0.0	0.0	0.0	0.0	0.0	0.0	0.0	0.0	0.0	0.0	0.0	0.0	0.0	0.0	0.0	0.0	0.0	0.0	0.0	0.0	0.0	0.0	0.0	0.25	0.25	0.0	0.75	1.25	0.75	0.75	2.5	2.5	3.5	10.25	28.0	76.75	408.75	1037.5	4251.0	6026.25	5711.25	3746.75	3407.25	2948.75	1411.25	702.75	391.5	261.0	184.25	92.5	37.25	13.0	7.0	4.0	0.25	1.5	0.0	0.0	0.0	0.0	0.0	0.0	0.0	0.0	0.0	0.0	0.0	0.0	0.0	0.0	0.0	0.0	0.0	0.0	0.0	0.0	0.0	0.0	0.0	0.0	0.0	0.0	0.0	0.0	0.0	0.0
DR1043-E_2	0.0	0.0	0.0	0.0	0.0	0.0	0.0	0.0	0.0	0.0	0.0	0.0	0.0	0.0	0.0	0.0	0.0	0.0	0.0	0.0	0.0	0.25	0.25	0.0	0.0	0.0	0.0	0.0	0.0	0.0	0.0	0.0	0.0	0.0	0.0	0.0	0.25	0.25	0.75	0.75	0.0	0.75	1.0	1.5	4.75	5.0	10.5	43.75	144.5	202.75	219.0	211.25	810.75	1844.0	3105.25	6710.5	8341.5	4256.25	2162.5	1018.0	570.75	361.25	243.0	158.0	93.0	54.5	29.75	18.25	13.75	10.25	8.25	3.75	4.25	3.0	1.75	1.75	0.75	0.0	0.0	0.5	0.5	0.5	0.5	0.25	0.75	0.25	0.5	0.25	0.5	0.75	0.25	0.0	0.25	0.25	0.25	0.25	0.0	0.25	0.25	0.0	0.0
DR1043-H_1	0.0	0.0	0.0	0.0	0.0	0.0	0.0	0.0	0.0	0.0	0.0	0.0	0.0	0.0	0.0	0.0	0.0	0.0	0.0	0.0	0.0	0.0	0.0	0.0	0.0	0.0	0.0	0.0	0.0	0.0	0.0	0.0	0.0	0.0	0.0	0.0	0.0	0.0	0.0	0.0	0.0	0.25	0.75	0.5	0.75	0.75	2.0	3.75	34.25	69.0	264.25	896.0	1597.5	2478.75	4242.0	6111.5	4871.0	2775.25	2862.75	1985.25	1375.75	883.75	527.75	355.25	173.5	72.25	35.5	25.0	15.0	3.25	0.5	0.75	0.25	0.0	0.0	0.0	0.0	0.0	0.0	0.0	0.0	0.0	0.0	0.0	0.0	0.0	0.0	0.0	0.0	0.0	0.0	0.0	0.0	0.0	0.0	0.0	0.0	0.0	0.0	0.0	0.0
DR1043-H_2	0.0	0.0	0.0	0.0	0.0	0.0	0.0	0.0	0.0	0.0	0.0	0.0	0.0	0.0	0.0	0.0	0.0	0.0	0.0	0.0	0.0	0.0	0.0	0.0	0.0	0.0	0.0	0.0	0.0	0.0	0.0	0.0	0.0	0.0	0.0	0.0	0.25	0.75	0.5	0.25	0.75	1.5	2.5	2.0	4.0	10.75	41.5	185.75	489.25	747.5	586.75	421.0	709.25	1955.75	4999.75	7308.0	5743.75	3052.5	1904.0	1233.0	814.25	554.25	324.75	178.5	115.0	81.5	60.5	43.75	30.75	16.0	16.25	7.5	4.0	4.0	3.75	2.75	1.5	1.5	2.75	1.5	1.75	1.25	0.5	0.75	0.5	0.75	0.75	0.25	0.25	0.25	0.25	1.0	0.75	0.0	0.0	0.25	0.25	0.25	0.0	0.0	0.3333333333333333
DR1043-SAH_1	0.0	0.0	0.0	0.0	0.0	0.0	0.0	0.0	0.0	0.0	0.0	0.0	0.0	0.0	0.0	0.0	0.0	0.0	0.0	0.0	0.0	0.0	0.0	0.0	0.0	0.0	0.0	0.0	0.0	0.0	0.0	0.25	0.25	0.25	0.0	0.0	0.0	0.75	1.0	1.0	1.0	1.0	1.25	2.0	3.0	2.75	2.25	3.25	21.5	61.5	122.75	535.25	1325.5	1893.5	2318.5	2587.25	2758.5	3109.5	4466.25	3196.25	2137.5	1335.0	807.0	582.5	282.5	125.25	62.5	36.75	18.75	5.0	0.5	0.0	0.0	0.0	0.0	0.0	0.0	0.0	0.0	0.0	0.0	0.0	0.0	0.0	0.0	0.0	0.0	0.0	0.0	0.0	0.0	0.0	0.0	0.0	0.0	0.0	0.0	0.0	0.0	0.0	0.0
DR1043-SAH_2	0.0	0.0	0.0	0.0	0.0	0.0	0.0	0.0	0.0	0.0	0.0	0.0	0.0	0.25	0.25	0.0	0.0	0.0	0.0	0.25	0.25	0.0	0.0	0.0	0.0	0.0	0.0	0.0	0.0	0.0	0.0	0.0	0.0	0.0	0.0	0.0	0.75	1.0	1.0	1.25	1.25	2.0	1.5	2.25	2.75	7.5	21.0	74.5	197.0	298.25	225.5	227.0	358.75	888.0	2499.25	5454.25	5637.5	3768.25	2661.75	1850.25	1259.0	888.5	545.5	328.25	208.0	136.25	94.25	75.25	43.25	25.0	17.5	11.75	9.75	6.75	5.0	4.0	1.25	3.0	1.0	1.25	1.25	0.5	0.75	0.5	0.25	0.0	0.0	0.25	1.0	0.0	0.25	0.0	0.0	0.0	0.0	1.0	0.0	0.0	0.0	0.25	0.3333333333333333
DR1044-E_1	0.0	0.0	0.0	0.0	0.0	0.0	0.0	0.0	0.0	0.0	0.0	0.0	0.0	0.0	0.0	0.0	0.0	0.0	0.0	0.0	0.0	0.0	0.0	0.0	0.0	0.0	0.0	0.0	0.0	0.0	0.0	0.25	0.25	0.0	0.5	1.25	1.5	3.75	3.75	4.0	2.25	4.0	1.25	0.75	3.0	3.25	3.75	2.25	6.0	9.5	15.5	86.5	193.5	529.0	6462.75	15746.75	4941.75	1756.25	1002.25	495.25	124.5	72.0	45.75	33.5	20.0	10.0	3.5	2.0	0.5	0.0	0.0	0.0	0.0	0.0	0.0	0.0	0.0	0.0	0.0	0.0	0.0	0.0	0.0	0.0	0.0	0.0	0.0	0.0	0.0	0.0	0.0	0.0	0.0	0.0	0.0	0.0	0.0	0.0	0.0	0.0	0.0
DR1044-E_2	0.0	0.0	0.0	0.0	0.0	0.0	0.0	0.0	0.0	0.0	0.0	0.0	0.0	0.25	0.0	0.0	0.0	0.0	0.0	0.0	0.0	0.0	0.0	0.0	0.0	0.0	0.0	0.0	0.0	0.0	0.0	0.0	0.0	0.0	0.25	0.0	0.25	0.25	1.0	1.0	2.25	3.0	5.0	6.5	5.0	5.5	9.25	9.0	18.0	48.5	56.0	84.0	183.75	672.5	3117.25	11743.75	8873.25	3327.25	1267.25	465.0	242.5	138.0	92.25	72.0	44.0	21.0	16.5	8.5	7.25	7.25	3.25	3.25	0.75	1.5	1.0	2.0	0.5	0.0	0.5	0.25	0.0	0.75	0.25	0.5	0.5	0.25	0.0	0.75	0.75	0.25	0.0	0.75	0.75	0.25	0.0	0.0	0.5	0.25	0.5	0.25	0.3333333333333333
DR1044-SAH_1	0.0	0.0	0.0	0.0	0.0	0.0	0.0	0.0	0.0	0.0	0.0	0.0	0.0	0.0	0.0	0.0	0.0	0.0	0.0	0.0	0.0	0.0	0.0	0.0	0.0	0.0	0.0	0.0	0.0	0.0	0.0	0.0	0.0	0.0	0.25	0.25	1.0	1.75	2.25	0.5	1.75	2.75	2.0	1.0	2.0	3.0	2.5	4.0	6.75	36.75	111.25	670.0	1741.25	2095.75	2714.0	3235.0	3123.5	3188.0	4181.75	2860.75	1716.5	1056.25	687.0	512.5	232.5	81.75	34.5	16.0	5.25	2.0	1.0	1.0	0.25	0.0	0.0	0.0	0.0	0.0	0.0	0.0	0.0	0.0	0.0	0.0	0.0	0.0	0.0	0.0	0.0	0.0	0.0	0.0	0.0	0.0	0.0	0.0	0.0	0.0	0.0	0.0	0.0
DR1044-SAH_2	0.0	0.0	0.0	0.0	0.0	0.0	0.0	0.0	0.0	0.0	0.0	0.0	0.0	0.0	0.0	0.0	0.0	0.25	0.0	0.0	0.0	0.0	0.0	0.0	0.0	0.0	0.0	0.0	0.0	0.0	0.0	0.0	0.0	0.0	0.0	0.25	0.25	1.0	1.0	1.25	1.25	2.0	2.0	4.5	4.5	6.25	23.5	66.0	135.75	325.75	408.75	435.75	416.5	1142.5	3043.0	6235.25	5915.25	3511.75	2436.0	1558.75	997.25	665.75	444.5	245.75	140.75	95.0	68.5	42.75	26.75	17.5	12.5	5.75	7.25	4.25	3.0	2.25	1.5	1.0	1.0	0.75	0.75	0.25	0.5	0.5	0.5	0.5	0.5	0.0	0.25	0.5	0.25	0.25	0.5	0.0	0.5	0.25	0.0	0.0	0.0	0.0	0.0
DR1045-E_1	0.0	0.0	0.0	0.0	0.0	0.0	0.0	0.0	0.0	0.0	0.0	0.0	0.0	0.0	0.0	0.0	0.0	0.0	0.0	0.0	0.0	0.0	0.0	0.0	0.0	0.0	0.0	0.0	0.0	0.0	0.0	0.25	0.0	0.25	0.25	0.5	0.25	0.0	0.5	0.0	0.5	1.5	0.75	0.75	1.25	1.0	1.25	2.25	8.0	12.75	15.75	64.75	115.5	375.5	2245.25	10192.75	8302.75	3500.75	672.75	338.5	115.25	61.0	38.25	12.75	8.75	3.25	1.5	0.75	1.0	0.25	0.0	0.0	0.0	0.0	0.0	0.0	0.0	0.0	0.0	0.0	0.0	0.0	0.0	0.0	0.0	0.0	0.0	0.0	0.0	0.0	0.0	0.0	0.0	0.0	0.0	0.0	0.0	0.0	0.0	0.0	0.0
DR1045-E_2	0.0	0.0	0.0	0.0	0.0	0.0	0.0	0.0	0.0	0.0	0.0	0.0	0.0	0.0	0.0	0.0	0.0	0.0	0.0	0.0	0.0	0.0	0.0	0.0	0.0	0.0	0.0	0.0	0.0	0.0	0.0	0.0	0.0	0.0	0.25	0.25	0.0	0.25	0.25	0.5	0.5	0.75	1.25	1.75	2.25	2.75	5.75	10.5	19.75	48.5	45.0	53.5	104.75	512.75	2695.0	8118.25	9310.0	2819.0	809.5	316.75	160.5	104.0	71.25	50.0	34.25	21.0	13.0	10.75	6.5	3.5	2.75	2.0	1.0	1.0	0.75	0.75	0.5	0.0	0.75	0.75	0.25	0.0	0.25	0.0	0.25	0.0	0.5	0.0	0.25	0.5	0.75	0.0	0.25	0.0	0.25	0.0	0.0	0.0	0.25	0.25	0.0
DR1045-H_1	0.0	0.0	0.0	0.0	0.0	0.0	0.0	0.0	0.0	0.0	0.0	0.0	0.0	0.0	0.0	0.0	0.0	0.0	0.0	0.0	0.0	0.0	0.0	0.0	0.0	0.0	0.0	0.0	0.0	0.0	0.0	0.0	0.0	0.0	0.0	0.0	0.0	0.0	0.0	0.25	2.75	3.0	0.75	4.0	5.25	1.25	0.5	3.75	7.5	44.0	77.0	597.5	814.25	1480.0	2447.25	6175.25	6516.5	2307.5	1716.5	3046.25	1322.5	368.5	212.25	145.0	72.75	30.25	9.5	1.25	0.25	1.0	0.5	0.25	0.25	0.0	0.0	0.0	0.0	0.0	0.0	0.0	0.0	0.0	0.0	0.0	0.0	0.0	0.0	0.0	0.0	0.0	0.0	0.0	0.0	0.0	0.0	0.0	0.0	0.0	0.0	0.0	0.0
DR1045-H_2	0.0	0.0	0.0	0.0	0.0	0.0	0.0	0.0	0.0	0.0	0.0	0.0	0.0	0.0	0.0	0.25	0.25	0.25	0.0	0.0	0.0	0.0	0.0	0.25	0.0	0.0	0.0	0.0	0.0	0.25	0.0	0.0	0.0	0.0	0.0	0.0	0.0	0.0	0.0	1.5	2.75	2.5	2.25	3.5	5.0	5.0	10.5	41.0	178.75	474.75	380.25	209.0	385.25	1367.5	3045.75	7494.0	6235.25	3276.5	2440.5	928.5	434.0	229.25	142.5	80.5	57.25	39.75	24.25	18.0	13.0	7.75	6.0	4.0	2.75	2.25	1.25	0.75	0.5	1.0	1.5	1.25	0.75	0.5	0.0	0.0	0.5	0.0	0.0	0.25	0.25	0.0	0.25	0.5	0.75	0.25	0.0	0.25	0.75	0.25	0.25	0.0	0.0
DR1045-SAH_1	0.0	0.0	0.0	0.0	0.0	0.0	0.0	0.0	0.0	0.0	0.0	0.0	0.0	0.0	0.0	0.0	0.0	0.0	0.0	0.0	0.0	0.0	0.0	0.0	0.0	0.0	0.0	0.0	0.0	0.0	0.0	0.0	0.0	0.0	0.25	0.5	0.5	1.0	2.0	1.75	1.5	1.5	0.75	1.25	1.75	2.0	4.25	9.75	23.5	82.75	308.25	1096.75	1518.25	1713.75	2929.25	4504.0	4713.5	3751.25	3475.5	2698.75	1729.5	1127.25	604.5	376.75	194.75	90.0	35.25	28.5	12.5	3.0	0.75	0.0	0.25	0.0	0.0	0.0	0.0	0.25	0.0	0.0	0.0	0.0	0.0	0.0	0.0	0.0	0.0	0.0	0.0	0.0	0.0	0.0	0.0	0.0	0.0	0.0	0.0	0.0	0.0	0.0	0.0
DR1045-SAH_2	0.0	0.0	0.0	0.0	0.0	0.0	0.0	0.25	0.25	0.0	0.0	0.0	0.0	0.0	0.0	0.0	0.0	0.0	0.0	0.0	0.0	0.0	0.0	0.0	0.0	0.0	0.0	0.0	0.0	0.0	0.0	0.0	0.0	0.0	0.0	0.25	0.0	1.25	1.0	0.75	0.75	2.25	1.5	6.75	6.25	14.0	41.0	147.0	483.0	837.5	605.25	520.0	716.5	1600.0	3256.25	6066.25	5994.25	3765.25	2497.25	1760.0	1094.25	638.75	370.75	234.75	145.0	95.25	70.75	48.25	34.5	20.5	11.0	7.75	6.25	2.5	3.75	1.5	1.25	1.0	1.0	0.75	0.5	0.5	0.0	0.25	0.0	0.5	0.5	0.25	0.5	0.25	0.25	0.5	0.5	0.0	0.0	0.0	0.0	0.0	0.0	0.0	0.0
DR1046-E_1	0.0	0.0	0.0	0.0	0.0	0.0	0.0	0.0	0.0	0.0	0.0	0.0	0.0	0.0	0.0	0.0	0.0	0.0	0.0	0.0	0.0	0.0	0.0	0.0	0.0	0.0	0.0	0.0	0.0	0.0	0.0	0.0	0.0	0.0	0.0	0.0	0.0	0.0	0.0	0.0	0.0	0.0	0.25	0.0	0.5	0.75	0.25	0.5	2.25	6.25	23.0	145.25	411.75	1024.0	6052.0	8338.5	3807.75	4537.5	1722.0	982.75	376.0	256.75	179.25	98.0	43.5	19.75	7.5	4.25	2.0	1.0	1.0	0.25	0.0	0.0	0.0	0.0	0.0	0.0	0.0	0.0	0.0	0.0	0.0	0.0	0.0	0.0	0.0	0.0	0.0	0.0	0.0	0.0	0.0	0.0	0.0	0.0	0.0	0.0	0.0	0.0	0.0
DR1046-E_2	0.0	0.0	0.0	0.0	0.0	0.0	0.0	0.0	0.0	0.0	0.25	0.0	0.0	0.0	0.0	0.0	0.0	0.0	0.0	0.0	0.0	0.0	0.0	0.0	0.0	0.0	0.0	0.0	0.0	0.0	0.0	0.0	0.0	0.0	0.0	0.0	0.0	0.25	0.25	0.25	0.25	0.0	0.25	1.0	1.25	1.25	3.25	8.0	23.0	41.75	58.5	81.25	196.75	855.5	3637.5	7955.0	8180.75	3036.0	1258.75	635.75	408.75	260.5	176.0	109.75	78.75	51.5	36.0	25.25	15.0	10.5	6.75	5.25	3.5	1.5	2.25	1.75	0.5	1.25	0.5	1.0	0.5	1.0	1.0	0.5	0.25	0.25	0.75	0.5	0.0	0.25	0.0	0.5	0.75	0.25	0.5	0.5	0.5	0.75	0.0	0.25	0.3333333333333333
DR1046-H_1	0.0	0.0	0.0	0.0	0.0	0.0	0.0	0.0	0.0	0.0	0.0	0.0	0.0	0.0	0.0	0.0	0.0	0.0	0.0	0.0	0.0	0.0	0.0	0.0	0.0	0.0	0.0	0.0	0.0	0.0	0.0	0.0	0.0	0.0	0.0	0.0	0.25	0.0	0.0	0.25	0.25	1.5	1.0	0.75	0.25	0.25	1.0	1.75	15.5	52.0	148.0	797.75	1416.75	1607.0	2046.0	3134.0	5761.75	4039.25	3067.5	1993.0	1371.75	996.0	566.25	373.0	216.25	118.0	51.5	19.5	7.5	2.0	0.25	0.25	0.0	0.0	0.0	0.0	0.0	0.0	0.0	0.0	0.0	0.0	0.0	0.0	0.0	0.0	0.0	0.0	0.0	0.0	0.0	0.0	0.0	0.0	0.0	0.0	0.0	0.0	0.0	0.0	0.0
DR1046-H_2	0.0	0.0	0.0	0.0	0.0	0.0	0.0	0.0	0.0	0.0	0.0	0.0	0.0	0.0	0.0	0.0	0.0	0.0	0.0	0.0	0.0	0.0	0.0	0.0	0.0	0.0	0.0	0.0	0.0	0.0	0.0	0.0	0.0	0.0	0.0	0.0	0.0	0.0	0.25	0.0	0.25	1.5	3.0	2.0	4.25	6.75	30.5	91.25	184.25	572.5	862.75	582.5	496.25	1343.25	2920.75	5974.25	5690.25	3152.75	2043.0	1350.75	853.25	534.0	338.75	207.75	138.25	102.25	68.25	42.5	31.25	23.75	15.25	7.25	8.5	6.5	3.5	1.25	1.75	1.5	1.5	2.25	0.5	0.0	0.0	0.25	0.25	0.75	0.5	0.5	0.75	0.5	0.0	0.5	0.25	0.25	0.5	0.0	0.25	0.25	0.0	0.25	0.0
DR1046-SAH_1	0.0	0.0	0.0	0.0	0.0	0.0	0.0	0.0	0.0	0.0	0.0	0.0	0.0	0.0	0.0	0.0	0.0	0.0	0.0	0.0	0.0	0.0	0.0	0.0	0.0	0.0	0.0	0.0	0.0	0.0	0.0	0.0	0.0	0.0	0.25	0.5	1.25	2.25	1.0	1.5	1.0	2.5	2.25	2.25	3.5	7.25	5.5	5.5	17.75	74.75	281.5	918.25	1588.0	1959.75	2921.5	3653.75	3458.0	3381.5	4235.5	3315.75	2161.5	1316.25	761.0	521.5	224.0	85.75	34.75	24.75	9.5	1.5	1.0	0.75	0.0	0.0	0.0	0.0	0.0	0.0	0.0	0.0	0.0	0.0	0.0	0.0	0.0	0.0	0.0	0.0	0.0	0.0	0.0	0.0	0.0	0.0	0.0	0.0	0.0	0.0	0.0	0.0	0.0
DR1046-SAH_2	0.0	0.0	0.0	0.0	0.0	0.0	0.0	0.0	0.0	0.0	0.0	0.0	0.0	0.0	0.0	0.0	0.0	0.0	0.0	0.0	0.0	0.0	0.0	0.0	0.0	0.0	0.0	0.0	0.0	0.0	0.0	0.0	0.0	0.0	0.0	0.0	0.0	0.75	1.75	1.5	2.5	3.0	4.0	4.5	6.25	14.75	53.75	173.5	456.25	710.75	566.75	444.75	501.5	1175.0	2740.0	5723.0	6130.75	4266.75	2923.25	1968.5	1217.75	754.5	462.0	276.0	158.0	102.25	75.5	48.5	30.75	18.25	16.75	8.5	5.75	5.0	3.0	2.5	1.75	0.75	0.75	0.25	0.25	0.25	0.25	0.5	0.25	0.0	0.0	0.25	0.5	0.5	0.5	0.5	0.0	0.0	0.25	1.5	0.25	0.0	0.0	0.0	0.0
DR1047-E_1	0.0	0.0	0.0	0.0	0.0	0.0	0.0	0.0	0.0	0.0	0.0	0.0	0.0	0.0	0.0	0.0	0.0	0.0	0.0	0.0	0.0	0.0	0.0	0.0	0.0	0.0	0.0	0.0	0.0	0.0	0.0	0.0	0.0	0.25	0.0	0.0	0.5	1.0	0.5	0.25	0.5	0.25	0.5	14.0	14.0	1.75	2.0	1.5	5.25	45.0	71.75	408.75	1266.0	1454.5	2489.0	4078.0	3130.5	2295.25	3689.5	3393.25	2392.5	1372.0	750.25	573.5	322.25	181.75	85.75	45.25	12.75	3.25	0.75	0.25	0.25	0.25	0.0	0.0	0.0	0.0	0.0	0.0	0.0	0.0	0.0	0.0	0.0	0.0	0.0	0.0	0.0	0.0	0.0	0.0	0.0	0.0	0.0	0.0	0.0	0.0	0.0	0.0	0.0
DR1047-E_2	0.0	0.0	0.0	0.0	0.0	0.0	0.0	0.0	0.0	0.0	0.0	0.0	0.0	0.0	0.0	0.0	0.0	0.0	0.0	0.0	0.0	0.0	0.0	0.0	0.0	0.0	0.0	0.0	0.0	0.0	0.0	0.0	0.0	0.0	0.0	0.0	0.25	0.25	0.25	1.0	1.25	1.5	3.0	9.75	6.0	10.5	10.0	19.25	73.0	158.5	151.5	144.5	256.5	799.0	2430.25	6313.75	6246.0	3694.5	2696.5	1906.25	1178.0	689.5	419.5	264.75	174.75	106.25	82.75	65.75	44.75	25.75	13.5	9.0	9.0	7.25	3.0	1.5	2.0	2.25	1.25	1.0	1.0	0.75	0.0	0.5	0.25	0.25	0.5	0.0	0.25	0.0	0.25	0.25	1.25	0.25	0.75	0.25	0.0	0.25	0.0	0.0	0.0
DR1047-H_1	0.0	0.0	0.0	0.0	0.0	0.0	0.0	0.0	0.0	0.0	0.0	0.0	0.0	0.0	0.0	0.0	0.0	0.0	0.0	0.0	0.0	0.0	0.0	0.0	0.0	0.0	0.0	0.0	0.0	0.0	0.0	0.0	0.0	0.0	0.0	0.0	0.25	0.75	0.75	0.0	0.0	0.25	0.75	7.0	4.75	4.0	0.5	6.0	11.75	32.5	121.5	417.5	1089.75	1195.5	1943.0	2607.75	2269.25	2280.5	3960.75	4134.75	3172.25	1948.25	1071.25	576.25	352.5	228.5	104.5	66.25	23.0	11.25	3.0	0.75	0.25	0.0	0.0	0.0	0.0	0.0	0.0	0.0	0.0	0.0	0.0	0.0	0.0	0.0	0.0	0.0	0.0	0.0	0.0	0.0	0.0	0.0	0.0	0.0	0.0	0.0	0.0	0.0	0.0
DR1047-H_2	0.0	0.0	0.0	0.0	0.0	0.0	0.0	0.0	0.0	0.0	0.25	0.25	0.0	0.0	0.0	0.0	0.0	0.0	0.0	0.0	0.0	0.0	0.0	0.0	0.0	0.0	0.0	0.0	0.0	0.0	0.0	0.0	0.0	0.0	0.0	0.0	0.25	0.75	0.25	0.0	0.25	0.75	3.0	7.25	5.75	6.0	6.0	25.0	130.25	254.5	257.75	192.0	259.5	746.5	2006.75	4554.75	5244.0	4076.5	3340.25	2343.25	1533.75	942.75	529.5	315.5	205.75	156.0	114.0	78.25	50.5	35.0	18.25	13.0	9.75	7.25	4.25	4.0	2.75	2.25	1.25	1.0	1.75	1.25	0.25	0.5	0.75	0.0	0.25	0.25	0.5	0.25	0.0	0.5	0.5	0.25	0.25	0.5	0.0	0.25	0.25	0.75	0.3333333333333333
DR1047-SAH_1	0.0	0.0	0.0	0.0	0.0	0.0	0.0	0.0	0.0	0.0	0.0	0.0	0.0	0.0	0.0	0.0	0.0	0.0	0.0	0.0	0.0	0.0	0.0	0.0	0.0	0.0	0.0	0.0	0.0	0.0	0.0	0.0	0.0	0.25	0.0	0.75	0.75	2.0	1.25	1.0	0.75	0.5	2.0	2.0	2.5	3.25	1.5	2.25	13.0	54.75	186.25	605.75	1525.5	1637.5	2000.0	2088.5	2223.5	3074.25	4954.0	4223.5	2964.5	1827.25	962.5	643.75	325.25	172.5	64.25	42.75	18.0	5.75	2.25	0.0	0.0	0.25	0.0	0.0	0.0	0.0	0.0	0.0	0.0	0.0	0.0	0.0	0.0	0.0	0.25	0.0	0.0	0.0	0.0	0.0	0.0	0.0	0.0	0.0	0.0	0.0	0.0	0.0	0.0
DR1047-SAH_2	0.0	0.0	0.0	0.0	0.0	0.0	0.0	0.0	0.0	0.0	0.0	0.0	0.0	0.0	0.0	0.0	0.0	0.0	0.0	0.0	0.0	0.0	0.0	0.0	0.0	0.0	0.0	0.0	0.0	0.0	0.0	0.0	0.0	0.25	0.0	0.0	0.0	0.0	0.25	0.5	0.75	0.0	1.25	2.0	4.0	6.25	18.5	73.75	212.5	274.75	261.75	300.5	336.5	775.75	2179.0	4913.25	5741.0	4428.5	3472.75	2478.25	1584.75	946.75	561.5	360.5	240.5	160.75	109.75	73.25	50.5	34.25	21.0	13.0	10.25	8.25	4.75	4.75	2.0	2.0	1.25	1.25	0.5	1.25	2.0	0.75	0.5	0.25	0.0	0.25	1.0	0.25	0.5	0.25	0.25	0.0	0.0	0.0	0.0	0.0	0.0	0.0	0.0
DR1048-E_1	0.0	0.0	0.0	0.0	0.0	0.0	0.0	0.0	0.0	0.0	0.0	0.0	0.0	0.0	0.0	0.0	0.0	0.0	0.0	0.0	0.0	0.0	0.0	0.0	0.0	0.0	0.0	0.0	0.0	0.0	0.0	0.0	0.0	0.0	0.0	0.0	0.25	0.25	0.25	0.5	0.5	1.25	0.75	4.75	8.5	0.75	2.5	2.0	1.25	4.5	17.5	168.25	311.0	637.0	4362.75	9830.0	6412.5	3926.25	2322.5	2788.5	421.75	214.25	126.75	80.25	45.5	25.25	16.5	8.25	3.75	3.25	0.5	0.0	0.0	0.0	0.0	0.25	0.25	0.0	0.0	0.0	0.0	0.0	0.0	0.0	0.0	0.0	0.0	0.0	0.0	0.0	0.0	0.0	0.0	0.0	0.0	0.0	0.0	0.0	0.0	0.0	0.0
DR1048-E_2	0.0	0.0	0.0	0.0	0.0	0.0	0.0	0.0	0.0	0.0	0.0	0.0	0.0	0.0	0.0	0.0	0.0	0.0	0.0	0.0	0.0	0.0	0.0	0.0	0.0	0.0	0.0	0.0	0.0	0.0	0.0	0.0	0.0	0.0	0.0	0.0	0.0	0.25	0.25	0.25	1.0	0.0	0.25	1.25	2.0	8.25	6.25	7.75	18.5	83.5	75.0	58.75	154.75	1026.5	3839.25	7979.75	8287.75	4396.5	2445.25	922.75	426.75	253.5	176.25	113.5	84.0	63.0	38.0	27.75	19.0	13.75	8.0	4.5	2.75	2.5	3.5	1.5	1.0	1.25	1.75	0.75	0.25	0.0	0.5	0.5	0.25	0.0	0.0	0.5	0.5	0.0	0.25	0.75	0.5	0.25	1.0	0.25	0.0	0.0	0.25	0.25	0.3333333333333333
DR1048-H_1	0.0	0.0	0.0	0.0	0.0	0.0	0.0	0.0	0.0	0.0	0.0	0.0	0.0	0.0	0.0	0.0	0.0	0.0	0.0	0.0	0.0	0.0	0.0	0.0	0.0	0.0	0.0	0.0	0.0	0.0	0.0	0.0	0.0	0.0	0.0	0.0	0.0	0.0	0.0	0.25	0.0	0.0	0.0	0.25	0.25	0.25	0.5	1.25	2.75	14.25	33.75	373.5	863.75	1817.25	2556.75	4891.0	5347.0	3015.0	3753.75	3861.75	869.0	597.0	462.5	284.75	146.5	74.0	33.25	17.5	6.25	1.5	1.0	0.5	1.0	0.0	0.0	0.25	0.0	0.0	0.0	0.0	0.0	0.0	0.0	0.0	0.0	0.0	0.0	0.0	0.0	0.0	0.0	0.0	0.0	0.0	0.0	0.0	0.0	0.0	0.0	0.0	0.0
DR1048-H_2	0.0	0.0	0.0	0.0	0.0	0.0	0.0	0.0	0.0	0.0	0.0	0.0	0.0	0.0	0.0	0.0	0.0	0.0	0.0	0.0	0.0	0.0	0.0	0.0	0.0	0.0	0.25	0.25	0.0	0.0	0.0	0.0	0.0	0.0	0.0	0.0	0.0	0.25	0.0	0.5	0.25	0.25	0.0	0.25	1.0	2.5	7.75	37.25	33.5	113.75	130.5	139.25	220.25	1161.0	3418.75	7363.75	6465.75	4213.5	2438.0	999.5	583.25	383.5	254.25	160.75	116.75	73.5	40.5	29.5	19.75	11.5	4.0	5.75	4.0	2.75	2.5	1.5	1.75	1.0	0.25	0.25	0.5	0.25	0.5	0.25	0.5	0.25	0.25	0.0	0.0	0.25	0.25	0.5	0.0	0.0	0.25	0.0	0.0	0.0	0.0	0.0	0.0
DR1048-SAH_1	0.0	0.0	0.0	0.0	0.0	0.0	0.0	0.0	0.0	0.0	0.0	0.0	0.0	0.0	0.0	0.0	0.0	0.0	0.0	0.0	0.0	0.0	0.0	0.0	0.0	0.0	0.0	0.0	0.0	0.0	0.0	0.0	0.0	0.0	0.5	0.0	1.25	1.25	2.75	4.0	4.0	5.25	7.75	6.5	6.5	4.75	4.5	4.25	6.0	16.0	64.5	590.25	1064.75	1684.75	2748.75	3174.5	3380.0	4213.5	6112.5	4484.25	2904.5	1902.25	1248.75	1023.5	441.0	171.0	60.5	28.0	9.25	3.25	1.25	0.25	0.0	0.25	0.25	0.0	0.0	0.0	0.0	0.0	0.0	0.0	0.0	0.0	0.0	0.0	0.0	0.0	0.0	0.0	0.0	0.0	0.0	0.0	0.0	0.0	0.0	0.0	0.0	0.0	0.0
DR1048-SAH_2	0.0	0.0	0.0	0.0	0.0	0.0	0.0	0.25	0.0	0.0	0.0	0.0	0.0	0.0	0.0	0.0	0.0	0.0	0.0	0.0	0.0	0.0	0.0	0.0	0.0	0.25	0.25	0.25	0.0	0.0	0.0	0.0	0.0	0.0	0.0	0.0	0.0	0.0	0.5	1.5	1.25	1.5	6.25	6.5	8.75	8.75	11.0	40.5	94.25	272.5	203.0	205.0	345.5	1034.5	3099.0	6734.5	6881.5	4905.75	3695.0	2564.0	1836.75	1316.75	846.25	474.0	261.25	158.75	111.25	79.0	47.75	29.0	23.75	16.0	8.25	9.25	4.75	5.25	3.5	3.0	1.25	1.75	1.75	0.5	0.5	1.25	1.25	0.5	0.25	0.0	1.0	0.5	0.5	0.5	0.5	0.25	0.25	0.25	0.0	0.25	0.25	0.0	0.0
DR1049-E_1	0.0	0.0	0.0	0.0	0.0	0.0	0.0	0.0	0.0	0.0	0.0	0.0	0.0	0.0	0.0	0.0	0.0	0.0	0.0	0.0	0.0	0.0	0.0	0.0	0.0	0.0	0.0	0.0	0.0	0.0	0.0	0.0	0.0	0.0	0.25	0.0	0.0	0.5	0.75	0.5	0.0	1.25	1.25	2.25	1.75	1.5	2.5	2.25	6.75	26.5	94.25	585.0	1507.0	2060.5	3366.25	9504.25	6008.5	3423.5	5180.75	4177.0	2203.25	1319.25	795.5	548.25	339.25	180.25	71.0	30.75	13.25	4.25	1.75	0.5	0.25	0.0	0.0	0.0	0.0	0.0	0.0	0.0	0.0	0.0	0.0	0.0	0.0	0.0	0.0	0.0	0.0	0.0	0.0	0.0	0.0	0.0	0.0	0.0	0.0	0.0	0.0	0.0	0.0
DR1049-E_2	0.0	0.0	0.0	0.0	0.0	0.0	0.0	0.0	0.0	0.0	0.0	0.0	0.0	0.0	0.0	0.0	0.0	0.0	0.0	0.0	0.0	0.0	0.0	0.25	0.25	0.0	0.0	0.0	0.0	0.0	0.0	0.0	0.0	0.0	0.0	0.25	0.25	0.5	0.75	1.5	0.5	0.5	1.5	1.5	6.0	8.25	33.75	98.0	90.25	148.0	191.5	251.0	464.0	1224.25	3410.5	10024.75	11588.75	5401.75	2995.5	1963.25	1256.5	763.25	504.0	332.25	205.25	120.0	85.25	57.0	31.5	18.75	11.0	8.25	4.75	3.75	4.0	0.75	2.0	2.0	0.5	0.25	0.75	1.5	0.25	1.0	0.5	0.5	0.5	0.0	0.5	0.75	0.25	0.0	0.25	0.75	0.5	0.5	0.0	0.25	0.25	0.0	0.0
DR1049-H_1	0.0	0.0	0.0	0.0	0.0	0.0	0.0	0.0	0.0	0.0	0.0	0.0	0.0	0.0	0.0	0.0	0.0	0.0	0.0	0.0	0.0	0.0	0.0	0.0	0.0	0.0	0.0	0.0	0.0	0.0	0.0	0.0	0.25	0.25	0.25	0.0	1.25	1.25	0.75	1.0	0.5	1.5	1.25	1.25	2.25	2.25	2.25	6.25	13.25	41.75	156.0	699.0	1560.75	1924.75	2675.5	3323.75	3533.75	4033.0	5802.0	5451.5	3905.0	2428.25	1269.75	734.25	428.5	237.5	96.25	41.75	12.75	6.5	1.0	1.0	0.0	0.0	0.0	0.0	0.0	0.0	0.0	0.0	0.0	0.0	0.0	0.0	0.0	0.0	0.0	0.0	0.0	0.0	0.0	0.0	0.0	0.0	0.0	0.0	0.0	0.0	0.0	0.0	0.0
DR1049-H_2	0.0	0.0	0.0	0.0	0.0	0.0	0.0	0.0	0.0	0.0	0.0	0.0	0.0	0.0	0.0	0.0	0.0	0.0	0.0	0.0	0.0	0.0	0.0	0.0	0.0	0.0	0.0	0.0	0.0	0.0	0.0	0.25	0.0	0.0	0.0	0.0	0.0	1.0	1.0	0.75	0.5	1.25	3.0	4.5	4.5	8.5	24.0	66.5	157.0	217.0	258.25	340.0	571.5	1361.25	3156.5	6211.75	7423.5	5822.0	4399.25	3242.75	2070.75	1189.5	682.25	437.25	268.75	165.75	125.25	89.0	54.75	35.25	21.5	16.75	9.75	8.0	5.25	3.5	2.25	2.25	2.75	2.75	2.25	1.75	1.25	1.25	0.5	0.75	0.5	0.0	1.0	0.75	0.25	0.25	0.0	0.0	0.0	0.0	0.25	0.0	0.0	0.75	1.0
DR1049-SAH_1	0.0	0.0	0.0	0.0	0.0	0.0	0.0	0.0	0.0	0.0	0.0	0.0	0.0	0.0	0.0	0.0	0.0	0.0	0.0	0.0	0.0	0.0	0.0	0.0	0.0	0.0	0.0	0.0	0.0	0.0	0.0	0.0	0.0	0.0	0.25	1.0	1.25	1.0	2.0	2.75	3.75	4.0	2.75	7.5	7.75	4.5	5.0	7.0	21.25	79.25	251.0	643.5	1081.5	1291.0	1727.5	2469.5	2917.25	3473.25	4877.75	4642.5	3590.75	2310.75	1198.0	702.25	356.25	190.75	68.5	37.75	12.75	5.25	1.75	1.25	0.25	0.0	0.0	0.0	0.0	0.0	0.0	0.0	0.0	0.0	0.0	0.0	0.0	0.0	0.0	0.0	0.0	0.0	0.0	0.0	0.0	0.0	0.0	0.0	0.0	0.0	0.0	0.0	0.0
DR1049-SAH_2	0.0	0.0	0.0	0.0	0.0	0.0	0.0	0.0	0.0	0.0	0.0	0.0	0.0	0.0	0.0	0.0	0.0	0.0	0.0	0.0	0.0	0.0	0.25	0.0	0.0	0.0	0.0	0.0	0.0	0.0	0.0	0.0	0.0	0.0	0.0	0.0	0.5	0.5	1.25	1.0	2.5	3.25	4.75	6.25	9.25	12.75	34.75	124.75	320.75	418.5	310.5	306.75	410.0	1005.0	2324.25	4388.5	5586.5	4878.75	4044.75	3080.0	1946.5	1077.75	617.25	382.25	240.25	172.0	114.0	73.75	50.0	32.5	20.25	18.5	12.75	9.75	6.75	3.25	2.5	1.0	1.5	1.0	0.5	0.5	0.75	0.5	0.0	0.25	0.0	0.25	0.25	1.0	0.0	0.25	0.0	0.0	0.0	0.25	0.25	0.25	0.25	0.0	0.6666666666666666
E-10_1	0.0	0.0	0.0	0.0	0.0	0.0	0.0	0.0	0.0	0.0	0.0	0.0	0.0	0.0	0.0	0.0	0.0	0.0	0.0	0.0	0.0	0.0	0.0	0.0	0.0	0.0	0.0	0.0	0.0	0.0	0.0	0.0	0.0	0.0	0.0	0.0	0.0	0.5	0.75	0.75	1.75	3.0	2.5	3.25	3.25	3.5	3.5	7.25	10.25	23.75	65.5	210.25	1013.5	8945.75	16062.25	7153.25	6008.75	13251.0	21670.25	3920.75	1470.5	704.25	352.25	171.0	89.5	52.0	29.75	10.75	5.0	1.5	0.25	0.0	0.0	0.0	0.0	0.0	0.0	0.0	0.0	0.0	0.0	0.0	0.0	0.0	0.0	0.0	0.0	0.0	0.0	0.0	0.0	0.0	0.0	0.0	0.0	0.0	0.0	0.0	0.0	0.0	0.0
E-10_2	0.0	0.0	0.0	0.0	0.0	0.0	0.0	0.0	0.0	0.0	0.0	0.0	0.0	0.0	0.0	0.0	0.0	0.0	0.0	0.0	0.0	0.0	0.0	0.0	0.0	0.0	0.0	0.0	0.0	0.0	0.0	0.0	0.0	0.25	0.25	0.0	0.0	0.0	0.25	1.25	1.0	1.0	1.5	3.0	2.25	3.25	7.5	18.75	32.5	50.5	94.5	231.0	604.5	1312.75	5443.75	14274.0	15992.0	19626.0	13762.5	4782.5	1510.0	592.5	272.0	148.5	102.75	65.5	44.75	30.25	19.75	11.5	5.25	4.25	2.75	2.5	1.5	1.25	0.75	1.25	1.75	1.75	0.5	0.5	0.0	0.75	0.5	0.25	0.0	0.5	0.25	0.25	0.25	0.0	0.0	0.25	0.25	0.0	0.0	0.25	0.5	0.0	0.0
E-1_1	0.0	0.0	0.0	0.0	0.0	0.0	0.0	0.0	0.0	0.0	0.0	0.0	0.0	0.0	0.0	0.0	0.0	0.0	0.0	0.0	0.0	0.0	0.0	0.0	0.0	0.0	0.0	0.0	0.0	0.0	0.0	0.0	0.0	0.0	0.25	0.25	0.5	1.5	1.5	2.0	5.5	4.0	4.75	5.75	6.25	5.5	6.5	9.25	18.5	35.5	71.25	288.5	1064.25	2815.75	9356.25	6372.75	3924.75	3253.25	4515.75	4479.5	3462.0	2508.25	1622.5	1111.25	837.75	410.25	212.5	104.0	45.75	18.0	9.5	4.0	1.5	0.25	0.0	0.0	0.0	0.0	0.0	0.0	0.0	0.0	0.25	0.25	0.0	0.0	0.0	0.0	0.0	0.0	0.0	0.0	0.0	0.0	0.0	0.0	0.0	0.0	0.0	0.0	0.0
E-1_2	0.0	0.0	0.0	0.0	0.0	0.0	0.0	0.0	0.0	0.0	0.0	0.0	0.0	0.0	0.0	0.0	0.0	0.0	0.0	0.0	0.0	0.0	0.0	0.0	0.0	0.0	0.0	0.0	0.0	0.0	0.0	0.0	0.0	0.0	0.0	0.25	0.0	0.25	0.25	1.5	1.25	1.5	1.75	2.5	2.75	3.75	6.25	14.0	34.5	55.75	113.25	306.25	1070.5	2666.0	4125.5	6936.0	9116.5	6985.25	4699.5	3469.0	2425.5	1678.0	1093.0	792.5	533.25	327.25	182.5	88.75	52.25	33.0	16.0	9.25	6.5	3.0	1.0	1.0	1.0	1.5	1.0	0.5	0.25	0.5	1.25	0.5	0.0	0.25	0.25	0.25	0.25	0.5	0.25	0.25	0.25	0.25	0.0	0.25	0.25	0.75	0.25	0.5	1.0
E-2_1	0.0	0.0	0.0	0.0	0.0	0.0	0.0	0.0	0.0	0.0	0.0	0.0	0.0	0.0	0.0	0.0	0.0	0.0	0.0	0.0	0.0	0.0	0.0	0.0	0.0	0.0	0.0	0.0	0.0	0.0	0.0	0.0	0.0	0.0	0.0	0.25	0.25	1.75	1.5	1.25	1.0	2.0	2.75	3.5	3.5	2.25	4.75	4.0	11.25	49.5	242.0	595.25	928.25	2928.5	9035.25	14343.75	3844.75	2772.0	2401.75	1330.0	1127.75	944.0	476.5	243.0	153.75	105.0	57.75	24.0	14.5	5.25	1.5	0.5	0.5	0.0	0.0	0.0	0.0	0.0	0.0	0.0	0.0	0.0	0.0	0.0	0.0	0.0	0.0	0.0	0.0	0.0	0.0	0.0	0.0	0.0	0.0	0.0	0.0	0.0	0.0	0.0	0.0
E-2_2	0.0	0.0	0.0	0.0	0.0	0.0	0.0	0.0	0.0	0.0	0.0	0.0	0.0	0.0	0.0	0.0	0.0	0.0	0.0	0.0	0.0	0.0	0.0	0.0	0.0	0.0	0.0	0.0	0.0	0.0	0.0	0.0	0.0	0.0	0.0	0.0	0.25	0.25	0.0	0.5	0.75	0.5	0.5	1.5	4.5	18.25	97.25	129.5	305.5	439.75	358.75	459.75	793.75	1912.5	6130.75	11675.5	9127.5	4783.75	2670.5	1613.5	1006.25	582.0	326.5	172.75	125.25	88.0	58.0	37.25	17.75	10.75	6.0	4.0	1.0	0.75	0.75	0.75	0.25	0.25	1.0	0.5	0.75	0.25	0.25	0.0	0.0	0.25	0.5	0.25	0.0	0.0	0.25	0.0	0.0	0.0	0.0	0.25	0.0	0.25	0.0	0.5	0.6666666666666666
E-3_1	0.0	0.0	0.0	0.0	0.0	0.0	0.0	0.0	0.0	0.0	0.0	0.0	0.0	0.0	0.0	0.0	0.0	0.0	0.0	0.0	0.0	0.0	0.0	0.0	0.0	0.0	0.0	0.0	0.0	0.0	0.0	0.0	0.0	0.0	0.0	0.0	0.75	0.75	1.75	1.75	1.75	1.75	5.75	14.75	5.25	4.0	2.5	22.0	64.0	167.0	431.0	1430.75	2238.5	2327.25	10080.0	11528.25	5105.25	2805.5	3707.75	4293.25	4081.0	3509.0	2082.75	1053.0	800.5	559.5	312.0	133.5	54.75	25.75	9.75	2.25	1.5	0.75	0.0	0.0	0.0	0.0	0.0	0.0	0.0	0.0	0.0	0.0	0.0	0.0	0.0	0.0	0.0	0.0	0.0	0.0	0.0	0.0	0.0	0.0	0.0	0.0	0.0	0.0	0.0
E-3_2	0.0	0.0	0.0	0.0	0.0	0.0	0.0	0.0	0.0	0.0	0.0	0.0	0.0	0.0	0.0	0.0	0.0	0.0	0.0	0.0	0.0	0.0	0.0	0.0	0.0	0.0	0.0	0.0	0.0	0.0	0.0	0.0	0.0	0.0	0.0	0.25	0.75	0.5	0.0	0.0	0.25	1.0	4.0	8.25	12.0	11.25	60.5	176.25	221.0	398.0	625.75	642.5	1126.25	2501.75	4858.25	10333.5	11588.75	6867.75	4872.75	4192.75	3170.5	2048.25	1194.25	749.5	540.75	396.5	268.75	152.5	81.25	39.75	21.0	11.5	4.5	2.5	2.75	2.75	1.5	1.25	0.25	0.0	0.75	0.5	0.5	0.5	0.25	0.0	0.25	0.0	0.0	0.0	0.25	0.25	0.25	0.25	0.25	0.0	0.0	0.0	0.0	0.5	0.0
E-4_1	0.0	0.0	0.0	0.0	0.0	0.0	0.0	0.0	0.0	0.0	0.0	0.0	0.0	0.0	0.0	0.0	0.0	0.0	0.0	0.0	0.0	0.0	0.0	0.0	0.0	0.0	0.0	0.0	0.0	0.0	0.0	0.0	0.5	0.0	0.0	0.75	0.75	2.25	2.75	4.75	4.25	4.25	6.75	43.0	15.0	13.25	10.25	10.5	17.25	51.5	102.75	129.0	454.5	2017.5	11017.0	37855.5	7348.0	3847.5	3282.0	2030.0	1809.0	1217.75	739.75	477.75	304.75	130.0	87.75	57.25	14.0	6.0	2.0	0.75	0.75	0.0	0.25	0.25	0.0	0.0	0.0	0.0	0.0	0.0	0.0	0.0	0.0	0.0	0.0	0.0	0.0	0.0	0.0	0.0	0.0	0.0	0.0	0.0	0.0	0.0	0.0	0.0	0.0
E-4_2	0.0	0.0	0.0	0.0	0.0	0.0	0.0	0.0	0.0	0.0	0.0	0.0	0.0	0.0	0.0	0.0	0.0	0.0	0.0	0.0	0.0	0.0	0.0	0.0	0.0	0.0	0.0	0.0	0.0	0.0	0.0	0.0	0.0	0.25	0.5	1.0	0.25	0.75	0.5	2.75	3.75	2.25	4.75	18.5	26.75	12.75	20.5	50.0	83.0	70.5	103.0	171.0	468.75	2252.75	12495.0	24961.75	18429.75	8933.0	4473.0	2479.25	1490.5	969.75	624.75	360.0	233.0	149.0	89.25	61.5	32.5	18.25	10.0	4.0	2.0	1.75	2.0	1.5	1.5	1.25	1.0	1.0	0.25	0.75	1.0	0.75	0.25	0.0	0.0	0.0	0.25	0.5	0.25	0.0	0.0	0.25	0.75	0.5	0.0	0.25	0.25	1.5	0.6666666666666666
E-5_1	0.0	0.0	0.0	0.0	0.0	0.0	0.0	0.0	0.0	0.0	0.0	0.0	0.0	0.0	0.0	0.0	0.0	0.0	0.0	0.0	0.0	0.0	0.0	0.0	0.0	0.0	0.0	0.0	0.0	0.0	0.0	0.0	0.0	0.25	0.25	0.5	0.0	0.25	0.25	1.5	2.25	3.0	3.75	2.25	3.75	3.5	2.5	1.75	4.75	14.0	19.75	84.75	616.25	2931.0	11704.5	13227.25	5104.0	2562.5	2069.0	1723.5	1724.75	1486.5	953.0	548.5	364.5	219.5	108.25	47.75	18.0	5.5	2.0	1.25	0.5	0.25	0.0	0.0	0.0	0.0	0.0	0.0	0.0	0.0	0.0	0.0	0.0	0.0	0.0	0.0	0.0	0.0	0.0	0.0	0.0	0.0	0.0	0.0	0.0	0.0	0.0	0.0	0.0
E-5_2	0.0	0.0	0.0	0.0	0.0	0.0	0.0	0.0	0.0	0.0	0.0	0.0	0.0	0.0	0.0	0.0	0.0	0.0	0.0	0.0	0.0	0.0	0.0	0.0	0.0	0.0	0.0	0.0	0.0	0.0	0.0	0.0	0.0	0.0	0.0	0.0	0.0	0.25	0.25	0.25	0.5	0.75	1.75	2.0	2.75	3.25	4.75	13.0	14.0	15.5	41.75	122.0	408.75	1381.75	4297.25	10071.0	12236.5	7231.25	3707.25	2271.75	1414.5	1013.0	685.75	414.5	285.25	202.75	128.0	71.75	37.25	20.5	10.5	4.5	2.0	2.25	2.75	2.0	0.25	0.25	0.25	0.75	0.75	0.5	1.0	0.5	0.25	0.25	0.5	0.0	0.0	0.0	0.0	0.0	0.0	0.0	0.0	0.0	0.25	0.0	0.0	0.0	0.0
E-6_1	0.0	0.0	0.0	0.0	0.0	0.0	0.0	0.0	0.0	0.0	0.0	0.0	0.0	0.0	0.0	0.0	0.0	0.0	0.0	0.0	0.0	0.0	0.0	0.0	0.0	0.0	0.0	0.0	0.0	0.0	0.0	0.0	0.0	0.0	0.25	0.25	1.0	1.0	0.25	0.75	1.75	0.75	2.0	1.75	4.25	4.0	3.75	5.0	4.0	7.0	15.5	62.5	275.75	2223.25	17762.0	15314.75	2757.5	2410.75	1824.25	600.75	314.25	237.75	156.5	82.5	56.0	25.5	18.5	5.0	2.5	2.25	0.75	0.0	0.25	0.0	0.0	0.0	0.0	0.0	0.0	0.0	0.0	0.0	0.0	0.0	0.0	0.0	0.0	0.0	0.0	0.0	0.0	0.0	0.0	0.0	0.0	0.0	0.0	0.0	0.0	0.0	0.0
E-6_2	0.0	0.0	0.0	0.0	0.0	0.0	0.0	0.0	0.0	0.0	0.0	0.0	0.0	0.0	0.0	0.0	0.0	0.0	0.0	0.0	0.0	0.0	0.0	0.0	0.0	0.0	0.0	0.0	0.0	0.0	0.0	0.0	0.0	0.0	0.0	0.0	0.0	0.0	0.0	0.25	0.0	1.5	1.25	1.0	2.75	3.0	5.0	6.0	11.0	16.5	21.25	53.25	195.5	1016.5	6757.5	17606.0	12974.25	5289.5	2347.75	954.25	426.0	242.25	138.75	80.5	60.25	42.5	22.5	10.5	6.25	2.25	1.75	1.0	1.0	0.25	0.25	0.5	0.5	0.0	0.25	0.25	0.5	0.25	0.5	0.0	0.0	0.25	0.25	0.25	0.0	0.0	0.0	0.0	0.25	0.5	0.25	0.25	0.0	0.0	0.0	0.5	0.6666666666666666
E-7_1	0.0	0.0	0.0	0.0	0.0	0.0	0.0	0.0	0.0	0.0	0.0	0.0	0.0	0.0	0.0	0.0	0.0	0.0	0.0	0.0	0.0	0.0	0.0	0.0	0.0	0.0	0.0	0.0	0.0	0.0	0.0	0.0	0.0	0.0	0.0	0.0	0.0	0.0	0.25	0.5	4.0	10.25	0.75	0.75	0.75	0.5	1.25	1.25	5.0	26.0	100.0	963.25	1679.25	4868.5	9656.5	5936.0	3210.5	13103.75	9050.0	1459.5	592.0	290.5	142.0	58.0	27.0	21.0	9.0	4.0	1.75	1.75	0.75	0.25	0.0	0.0	0.0	0.0	0.0	0.0	0.0	0.0	0.0	0.0	0.0	0.0	0.0	0.0	0.0	0.0	0.0	0.0	0.0	0.0	0.0	0.0	0.0	0.0	0.0	0.0	0.0	0.0	0.0
E-7_2	0.0	0.0	0.0	0.0	0.0	0.0	0.0	0.0	0.0	0.0	0.0	0.0	0.0	0.0	0.0	0.0	0.0	0.0	0.0	0.0	0.0	0.0	0.0	0.0	0.0	0.0	0.0	0.0	0.0	0.0	0.0	0.0	0.0	0.0	0.0	0.0	0.0	0.25	4.0	7.75	4.5	1.0	1.0	0.75	1.25	1.5	5.0	30.5	75.25	148.75	172.25	545.25	1432.25	1330.0	3365.25	9309.25	10022.25	10530.75	7874.5	2996.0	923.25	334.25	148.0	78.5	47.0	32.75	23.25	19.0	9.75	5.75	4.25	1.75	0.75	1.0	0.25	1.0	0.75	0.75	0.5	0.75	1.0	0.75	0.25	0.25	0.5	0.5	0.0	0.0	0.0	0.75	0.0	0.25	0.0	0.25	0.25	0.0	0.0	0.25	0.25	0.25	0.6666666666666666
E-8_1	0.0	0.0	0.0	0.0	0.0	0.0	0.0	0.0	0.0	0.0	0.0	0.0	0.0	0.0	0.0	0.0	0.0	0.0	0.0	0.0	0.0	0.0	0.0	0.0	0.0	0.0	0.0	0.0	0.0	0.0	0.0	0.0	0.25	1.0	0.5	1.0	2.25	1.25	2.5	4.25	5.5	3.75	4.5	11.0	8.75	5.25	4.5	2.5	9.75	27.25	84.0	256.0	704.0	1638.25	6664.75	8434.0	5837.0	4980.0	4803.5	4161.5	3286.25	2692.0	1645.5	953.75	704.5	559.25	297.25	160.75	62.75	25.0	11.0	2.5	0.5	0.0	0.0	0.0	0.0	0.0	0.0	0.0	0.0	0.0	0.0	0.0	0.0	0.0	0.0	0.0	0.0	0.0	0.0	0.0	0.0	0.0	0.0	0.0	0.0	0.0	0.0	0.0	0.0
E-8_2	0.0	0.0	0.0	0.0	0.0	0.0	0.0	0.0	0.0	0.0	0.0	0.0	0.0	0.0	0.0	0.0	0.0	0.0	0.0	0.0	0.0	0.0	0.0	0.0	0.0	0.0	0.0	0.0	0.0	0.0	0.0	0.0	0.0	0.25	0.25	0.0	0.0	0.0	0.5	0.25	2.75	2.75	4.0	10.0	12.5	6.25	14.75	25.25	43.0	78.25	132.75	208.25	631.25	1707.75	3511.0	8350.75	10305.0	7048.75	4875.75	3639.5	2518.75	1637.0	1023.25	703.75	533.0	382.5	274.75	166.75	109.5	62.0	30.5	11.5	6.25	4.5	1.5	0.75	1.25	0.5	0.75	1.0	0.5	0.75	0.25	0.25	0.0	0.0	0.0	0.0	0.25	0.0	0.25	0.25	0.0	0.0	0.25	0.0	0.0	0.0	0.0	0.25	0.6666666666666666
E-9_1	0.0	0.0	0.0	0.0	0.0	0.0	0.0	0.0	0.0	0.0	0.0	0.0	0.0	0.0	0.0	0.0	0.0	0.0	0.0	0.0	0.0	0.0	0.0	0.0	0.0	0.0	0.0	0.0	0.0	0.0	0.0	0.0	0.0	0.0	0.25	0.0	0.5	0.5	0.5	1.5	1.5	0.5	1.5	0.75	1.5	2.25	2.5	1.5	4.25	10.0	42.0	153.25	613.25	1644.0	7083.75	23668.0	5812.75	7797.25	8767.75	3396.25	1328.5	817.25	473.75	217.25	132.75	77.0	45.5	22.0	9.75	4.75	2.5	0.25	0.5	0.5	0.25	0.25	0.25	0.0	0.0	0.0	0.0	0.0	0.0	0.0	0.0	0.0	0.0	0.0	0.0	0.0	0.0	0.0	0.0	0.0	0.0	0.0	0.0	0.0	0.0	0.0	0.0
E-9_2	0.0	0.0	0.0	0.0	0.0	0.0	0.0	0.0	0.0	0.0	0.0	0.0	0.0	0.0	0.0	0.0	0.0	0.0	0.0	0.0	0.0	0.0	0.0	0.0	0.0	0.0	0.0	0.0	0.0	0.0	0.0	0.0	0.0	0.0	0.25	0.25	0.0	0.0	0.0	0.25	0.0	0.0	0.5	1.25	2.0	3.0	4.5	13.5	24.25	40.75	66.0	149.0	429.0	1164.0	3537.0	11880.5	17913.0	12920.0	8833.75	4606.25	1871.5	814.25	411.0	238.0	142.25	98.5	73.5	46.5	26.0	15.0	9.75	5.0	4.0	3.75	1.5	1.25	1.75	1.0	0.5	0.0	0.0	0.25	0.25	0.75	0.25	0.0	0.25	0.0	0.5	0.25	0.0	0.25	0.25	0.0	0.25	0.0	0.0	0.0	0.0	0.0	0.6666666666666666
H-10_1	0.0	0.0	0.0	0.0	0.0	0.0	0.0	0.0	0.0	0.0	0.0	0.0	0.0	0.0	0.0	0.0	0.0	0.0	0.0	0.0	0.0	0.0	0.0	0.0	0.0	0.0	0.0	0.0	0.0	0.0	0.0	0.0	0.25	0.0	0.0	0.25	0.5	1.25	1.5	1.25	1.0	1.5	2.0	1.75	2.5	3.25	2.5	2.75	3.75	6.25	17.5	145.0	1211.0	3928.75	14256.5	15887.25	30903.25	9481.0	1675.75	771.0	421.5	240.75	150.0	86.75	49.75	28.5	26.25	11.5	5.0	1.5	0.5	0.0	0.0	0.0	0.0	0.0	0.0	0.0	0.0	0.0	0.0	0.0	0.0	0.0	0.0	0.0	0.0	0.0	0.0	0.0	0.0	0.0	0.0	0.0	0.0	0.0	0.0	0.0	0.0	0.0	0.0
H-10_2	0.0	0.0	0.0	0.0	0.0	0.0	0.0	0.0	0.0	0.0	0.0	0.0	0.0	0.0	0.0	0.0	0.0	0.0	0.0	0.0	0.0	0.0	0.0	0.0	0.0	0.0	0.0	0.0	0.0	0.0	0.0	0.25	0.0	0.0	0.0	0.25	0.25	0.0	0.25	1.0	1.0	1.75	1.5	1.75	3.5	2.5	3.5	2.5	8.5	19.5	59.5	278.5	788.0	1492.0	4945.25	13091.0	20654.0	24136.5	11356.75	3217.5	1150.0	493.5	247.25	140.75	90.5	64.0	36.75	29.5	17.0	9.75	5.75	3.5	3.0	1.25	1.25	1.0	0.5	0.25	0.75	0.25	0.25	0.25	0.75	0.0	0.25	0.25	0.0	0.25	0.5	0.25	0.0	0.25	0.0	0.0	0.5	0.0	0.25	0.25	0.75	0.75	1.0
H-1_1	0.0	0.0	0.0	0.0	0.0	0.0	0.0	0.0	0.0	0.0	0.0	0.0	0.0	0.0	0.0	0.0	0.0	0.0	0.0	0.0	0.0	0.0	0.0	0.0	0.0	0.0	0.0	0.0	0.0	0.0	0.0	0.0	0.0	0.0	0.0	1.5	1.25	0.5	1.0	2.5	3.75	5.25	3.75	2.5	2.25	3.0	5.5	4.5	8.25	32.25	96.25	408.5	1444.75	3963.25	12414.0	8741.25	7844.25	7162.25	8161.75	8364.25	6695.0	4506.25	2733.0	1669.25	1254.0	561.25	300.5	142.25	66.25	25.5	9.5	4.0	0.75	0.5	0.75	0.25	0.0	0.25	0.25	0.0	0.0	0.0	0.0	0.0	0.0	0.0	0.0	0.0	0.0	0.0	0.0	0.0	0.0	0.0	0.0	0.0	0.0	0.0	0.0	0.0	0.0
H-1_2	0.0	0.0	0.0	0.0	0.0	0.0	0.0	0.0	0.0	0.0	0.0	0.0	0.0	0.0	0.0	0.0	0.0	0.0	0.0	0.0	0.0	0.0	0.0	0.0	0.0	0.0	0.0	0.0	0.0	0.0	0.0	0.0	0.0	0.0	0.0	0.0	0.0	0.0	0.25	1.75	3.0	2.25	2.0	4.0	3.75	5.5	7.25	17.25	57.5	109.0	163.5	355.0	1197.0	3227.5	5900.0	10722.5	15076.25	12047.5	8630.75	6414.0	4522.25	3035.75	1905.5	1241.25	850.25	522.5	292.75	160.25	100.25	56.5	25.5	13.75	7.0	5.0	2.5	2.0	0.5	1.75	1.5	0.5	0.5	1.0	1.0	0.75	0.5	0.25	0.0	0.0	0.0	0.25	0.0	0.25	0.25	0.0	0.0	0.25	1.0	0.5	0.25	0.0	0.6666666666666666
H-2_1	0.0	0.0	0.0	0.0	0.0	0.0	0.0	0.0	0.0	0.0	0.0	0.0	0.0	0.0	0.0	0.0	0.0	0.0	0.0	0.0	0.0	0.0	0.0	0.0	0.0	0.0	0.0	0.0	0.0	0.0	0.0	0.0	0.0	0.0	0.25	0.0	0.0	0.75	1.0	1.5	3.75	3.75	3.25	3.75	5.25	4.75	2.5	6.25	13.75	36.0	142.25	487.75	1797.25	4633.5	15191.0	12902.25	7422.0	5894.75	7173.75	7430.25	6566.75	4809.5	2995.25	2491.0	2090.75	953.75	421.5	156.75	65.25	26.0	10.0	2.5	1.5	0.75	0.25	0.0	0.0	0.0	0.0	0.0	0.0	0.0	0.0	0.0	0.0	0.0	0.0	0.0	0.0	0.0	0.0	0.0	0.0	0.0	0.0	0.0	0.0	0.0	0.0	0.0	0.0
H-2_2	0.0	0.0	0.0	0.0	0.0	0.0	0.0	0.0	0.0	0.0	0.0	0.0	0.0	0.0	0.0	0.0	0.0	0.0	0.0	0.0	0.0	0.0	0.0	0.0	0.0	0.0	0.0	0.0	0.0	0.0	0.0	0.0	0.0	0.5	0.5	0.25	0.25	0.5	1.25	0.25	0.75	0.5	2.25	1.75	4.5	4.25	9.25	28.75	76.0	150.25	267.75	658.75	2022.0	4314.25	7791.25	13171.75	14944.25	11071.25	7917.75	5968.5	4640.25	3783.0	2597.0	1591.75	1078.75	772.0	496.75	254.75	117.75	58.75	32.25	13.5	7.5	5.75	3.75	3.5	2.25	2.25	1.25	0.25	0.75	0.75	1.0	1.25	0.5	0.75	0.75	0.75	0.25	0.25	0.25	0.0	0.5	0.75	0.25	0.0	0.25	0.25	0.0	0.5	0.6666666666666666
H-3_1	0.0	0.0	0.0	0.0	0.0	0.0	0.0	0.0	0.0	0.0	0.0	0.0	0.0	0.0	0.0	0.0	0.0	0.0	0.0	0.0	0.0	0.0	0.0	0.0	0.0	0.0	0.0	0.0	0.0	0.0	0.0	0.0	0.0	0.0	0.0	0.25	0.75	1.25	1.0	2.0	2.5	2.5	3.5	3.75	4.5	2.25	3.25	3.75	6.5	30.25	77.5	295.0	707.75	1964.5	4390.75	4958.5	3576.75	3205.75	4702.25	4916.5	4643.75	3362.25	1863.75	1152.0	627.0	343.75	149.25	62.5	26.75	9.25	3.25	1.75	0.25	0.0	0.0	0.0	0.0	0.0	0.0	0.0	0.0	0.0	0.0	0.0	0.0	0.0	0.0	0.0	0.0	0.0	0.0	0.0	0.0	0.0	0.0	0.0	0.0	0.0	0.0	0.0	0.0
H-3_2	0.0	0.0	0.0	0.0	0.0	0.0	0.0	0.0	0.0	0.0	0.0	0.0	0.0	0.0	0.0	0.0	0.0	0.0	0.25	0.25	0.0	0.0	0.0	0.0	0.0	0.0	0.0	0.0	0.0	0.0	0.0	0.0	0.0	0.0	0.0	0.5	0.0	0.0	1.0	0.75	0.75	1.0	1.5	2.75	4.75	4.5	8.5	22.25	51.25	108.0	205.25	408.5	1114.0	2282.0	3767.25	5423.5	5954.75	5163.75	4586.75	3997.0	3007.25	2077.5	1315.75	754.5	411.75	239.25	139.0	85.25	45.25	23.0	11.25	7.5	5.25	3.5	2.0	0.75	0.5	0.25	0.5	0.75	0.25	0.75	0.75	0.25	0.25	0.25	0.5	0.0	0.25	0.0	0.0	0.0	0.0	0.0	0.25	0.25	0.0	0.25	0.25	0.0	0.3333333333333333
H-4_1	0.0	0.0	0.0	0.0	0.0	0.0	0.0	0.0	0.0	0.0	0.0	0.0	0.0	0.0	0.0	0.0	0.0	0.0	0.0	0.0	0.0	0.0	0.0	0.0	0.0	0.0	0.0	0.0	0.0	0.0	0.0	0.0	0.0	0.0	0.0	0.0	0.0	0.0	0.0	0.25	1.0	0.75	1.25	1.5	1.75	3.0	3.25	2.5	2.75	17.5	49.5	163.5	618.25	2589.5	7567.75	14143.0	8203.75	3823.25	4006.25	3871.5	3438.5	2303.25	1332.25	926.25	517.75	250.25	127.0	60.0	23.75	9.25	3.25	1.25	0.75	0.25	0.25	0.0	0.0	0.0	0.0	0.0	0.25	0.25	0.0	0.0	0.0	0.0	0.0	0.0	0.0	0.0	0.0	0.0	0.0	0.0	0.0	0.0	0.0	0.0	0.0	0.0	0.0
H-4_2	0.0	0.0	0.0	0.0	0.0	0.0	0.0	0.0	0.0	0.0	0.0	0.0	0.0	0.0	0.0	0.0	0.0	0.0	0.0	0.0	0.0	0.0	0.0	0.0	0.0	0.0	0.0	0.0	0.0	0.0	0.0	0.0	0.0	0.0	0.0	0.0	0.0	0.0	0.0	0.5	0.5	0.5	0.25	1.0	1.75	1.75	5.0	9.5	19.0	45.0	103.0	215.75	587.25	1838.5	5958.75	11969.25	11850.5	7453.5	4748.25	3444.25	2399.0	1665.75	1081.75	666.75	404.0	258.5	165.75	96.25	55.25	32.0	15.75	7.5	5.0	4.25	3.25	2.25	2.25	1.5	0.75	0.75	0.75	0.75	0.5	0.0	0.5	0.5	0.25	0.5	0.5	0.0	0.5	0.0	0.0	0.25	0.5	0.0	0.0	0.25	0.0	0.25	1.3333333333333333
H-5_1	0.0	0.0	0.0	0.0	0.0	0.0	0.0	0.0	0.0	0.0	0.0	0.0	0.0	0.0	0.0	0.0	0.0	0.0	0.0	0.0	0.0	0.0	0.0	0.0	0.0	0.0	0.0	0.0	0.0	0.0	0.0	0.0	0.0	0.0	0.25	0.25	0.0	1.25	1.0	2.25	2.75	3.25	4.0	3.75	1.75	2.0	2.5	5.0	7.0	15.25	38.75	165.25	751.75	3303.0	11126.25	14443.0	6934.25	3204.25	2544.25	2500.75	2265.0	1570.75	1037.25	622.75	417.25	213.75	116.25	67.75	21.25	7.25	2.75	1.75	0.0	0.0	0.0	0.0	0.0	0.0	0.0	0.0	0.0	0.0	0.0	0.0	0.0	0.0	0.0	0.0	0.0	0.0	0.0	0.0	0.0	0.0	0.0	0.0	0.0	0.0	0.0	0.0	0.0
H-5_2	0.0	0.0	0.0	0.0	0.0	0.0	0.0	0.0	0.0	0.0	0.0	0.0	0.0	0.0	0.0	0.0	0.0	0.0	0.0	0.0	0.0	0.0	0.0	0.0	0.0	0.0	0.0	0.0	0.0	0.0	0.0	0.0	0.25	0.25	0.25	0.0	0.0	0.0	0.25	0.0	0.25	0.25	1.5	3.0	1.25	3.75	5.0	9.0	17.25	43.75	100.25	187.25	491.0	1658.0	5880.75	12179.75	12552.75	7624.75	4279.25	2643.5	1629.5	1177.75	760.5	463.0	307.5	234.25	141.25	66.0	34.5	18.25	7.0	2.5	2.25	2.25	1.0	0.5	0.25	1.25	0.75	0.25	0.0	0.5	0.25	0.5	0.75	1.0	0.5	0.0	0.25	0.5	0.25	0.0	0.25	0.0	0.25	0.25	0.5	0.25	0.25	0.25	0.3333333333333333
H-6_1	0.0	0.0	0.0	0.0	0.0	0.0	0.0	0.0	0.0	0.0	0.0	0.0	0.0	0.0	0.0	0.0	0.0	0.0	0.0	0.0	0.0	0.0	0.0	0.0	0.0	0.0	0.0	0.0	0.0	0.0	0.0	0.0	0.25	0.0	0.25	0.25	0.75	0.75	2.0	1.5	3.25	5.0	3.75	5.25	3.75	4.25	4.5	5.0	8.75	25.5	88.25	576.5	1746.5	3618.75	9698.75	8871.25	5985.0	5257.75	6507.25	6126.5	4482.75	3472.0	2230.25	1118.25	526.25	329.0	217.5	110.75	46.5	19.5	8.25	1.75	1.0	0.25	0.0	0.0	0.0	0.0	0.0	0.0	0.0	0.0	0.0	0.0	0.0	0.0	0.0	0.0	0.0	0.0	0.0	0.0	0.0	0.0	0.0	0.0	0.0	0.0	0.0	0.0	0.0
H-6_2	0.0	0.0	0.0	0.0	0.0	0.0	0.0	0.0	0.0	0.0	0.0	0.0	0.0	0.0	0.0	0.0	0.0	0.0	0.0	0.0	0.0	0.0	0.0	0.0	0.0	0.0	0.0	0.0	0.0	0.0	0.25	0.25	0.0	0.0	0.0	0.0	0.0	0.0	0.25	1.0	1.0	1.5	0.5	1.75	5.25	6.0	11.0	30.0	66.0	103.25	164.25	319.25	817.5	2322.0	5335.75	9749.75	12160.75	9269.5	6611.25	5084.0	3619.75	2269.5	1278.25	740.25	482.0	294.0	194.5	138.75	91.25	43.75	20.0	11.75	7.25	5.5	3.25	1.75	1.25	0.75	1.0	0.25	0.75	0.5	1.25	0.5	1.25	0.75	0.5	0.25	0.5	0.5	0.0	0.0	0.0	0.25	0.0	0.25	0.0	0.0	0.25	0.0	1.0
H-7_1	0.0	0.0	0.0	0.0	0.0	0.0	0.0	0.0	0.0	0.0	0.0	0.0	0.0	0.0	0.0	0.0	0.0	0.0	0.0	0.0	0.0	0.0	0.0	0.0	0.0	0.0	0.0	0.0	0.0	0.0	0.0	0.0	0.25	0.25	0.0	0.0	0.25	0.0	0.5	1.5	3.25	4.75	1.75	3.5	3.25	4.25	4.75	10.0	67.5	129.75	287.25	1928.75	2567.5	3038.5	7105.75	14337.5	8360.75	6858.25	6491.75	5762.5	2805.0	1795.25	1110.25	585.75	362.25	219.25	97.5	48.5	22.0	8.0	4.25	0.25	0.5	0.25	0.0	0.0	0.0	0.0	0.0	0.0	0.0	0.0	0.0	0.0	0.0	0.0	0.0	0.0	0.0	0.0	0.0	0.0	0.0	0.0	0.0	0.0	0.0	0.0	0.0	0.0	0.0
H-7_2	0.0	0.0	0.0	0.0	0.0	0.0	0.0	0.0	0.0	0.0	0.0	0.0	0.0	0.0	0.0	0.0	0.0	0.0	0.0	0.0	0.0	0.0	0.0	0.0	0.0	0.0	0.0	0.0	0.0	0.0	0.0	0.0	0.0	0.0	0.25	0.0	0.0	0.0	0.25	1.25	1.75	1.5	2.75	8.75	8.75	11.0	28.25	118.75	225.0	378.25	640.0	892.25	1894.25	3580.0	7105.5	12476.75	12484.5	9260.0	6593.0	4179.0	2359.5	1317.25	740.75	436.0	283.5	177.5	109.5	71.25	40.75	23.0	13.75	7.75	3.0	2.0	1.25	1.0	0.0	0.5	1.0	0.75	0.25	0.25	0.25	0.5	0.5	0.5	0.25	0.0	0.0	0.0	0.5	0.5	0.25	0.0	0.0	0.0	0.0	0.0	0.0	0.0	0.0
H-8_1	0.0	0.0	0.0	0.0	0.0	0.0	0.0	0.0	0.0	0.0	0.0	0.0	0.0	0.0	0.0	0.0	0.0	0.0	0.0	0.0	0.0	0.0	0.0	0.0	0.0	0.0	0.0	0.0	0.0	0.0	0.0	0.0	0.0	0.0	0.0	0.0	0.5	1.0	0.75	2.0	1.5	0.75	1.25	2.0	2.5	2.25	6.0	5.0	8.75	34.25	97.5	341.75	835.75	1487.25	3217.5	5292.5	9672.5	9916.25	8955.5	7050.25	5691.25	4427.75	2599.25	1281.0	771.25	554.0	268.0	130.25	67.0	23.5	8.75	2.75	1.75	0.5	0.25	0.25	0.0	0.0	0.0	0.0	0.0	0.0	0.0	0.0	0.0	0.0	0.0	0.0	0.0	0.0	0.0	0.0	0.0	0.0	0.0	0.0	0.0	0.0	0.0	0.0	0.0
H-8_2	0.0	0.0	0.0	0.0	0.0	0.0	0.0	0.0	0.0	0.0	0.0	0.0	0.0	0.0	0.0	0.0	0.0	0.0	0.0	0.0	0.0	0.0	0.0	0.0	0.0	0.0	0.0	0.0	0.0	0.0	0.0	0.0	0.0	0.0	0.0	0.0	0.5	0.25	0.25	0.5	0.75	0.75	0.75	2.0	1.25	5.25	6.25	21.5	48.0	95.25	138.75	235.0	621.5	1952.25	5831.25	10141.5	11852.0	8704.25	7029.5	5775.0	4028.25	2503.75	1424.5	862.0	577.25	402.0	257.75	161.75	104.5	61.75	33.0	16.25	8.0	1.75	3.5	3.5	2.0	2.0	1.75	1.5	1.0	0.25	0.0	0.0	0.25	0.0	0.25	0.25	0.0	0.0	0.25	0.25	0.0	0.25	0.25	0.0	0.0	0.0	0.0	0.25	0.0
H-9_1	0.0	0.0	0.0	0.0	0.0	0.0	0.0	0.0	0.0	0.0	0.0	0.0	0.0	0.0	0.0	0.0	0.0	0.0	0.0	0.0	0.0	0.0	0.0	0.0	0.0	0.0	0.0	0.0	0.0	0.0	0.0	0.0	0.0	0.0	0.0	0.25	0.25	0.75	1.5	1.75	1.0	0.75	0.5	0.75	1.5	1.5	2.25	2.75	4.5	18.0	58.75	197.75	896.75	2521.75	10894.25	18109.25	6378.0	5097.0	6273.25	6477.5	2078.75	1220.25	749.25	501.0	319.0	172.0	80.5	41.5	19.0	7.25	3.0	1.0	0.0	0.0	0.0	0.0	0.0	0.0	0.0	0.0	0.0	0.0	0.0	0.0	0.0	0.0	0.0	0.0	0.0	0.0	0.0	0.0	0.0	0.0	0.0	0.0	0.0	0.0	0.0	0.0	0.0
H-9_2	0.0	0.0	0.0	0.0	0.0	0.0	0.0	0.0	0.0	0.0	0.0	0.0	0.0	0.0	0.0	0.0	0.0	0.0	0.0	0.0	0.0	0.0	0.0	0.0	0.0	0.0	0.0	0.0	0.0	0.0	0.0	0.0	0.0	0.0	0.0	0.0	0.0	0.0	0.0	0.0	0.75	0.5	0.25	1.0	0.75	3.0	5.5	12.25	27.25	54.5	104.5	240.5	715.5	2130.75	6561.0	13560.75	14825.75	10490.75	6677.5	3407.75	1686.0	948.75	574.25	350.5	218.5	149.0	97.0	58.5	35.25	15.75	8.0	4.25	4.0	2.25	1.25	1.75	1.75	1.25	0.5	1.0	0.5	0.5	1.0	0.75	0.0	0.0	0.25	0.25	0.25	0.0	0.25	0.25	0.5	0.25	0.25	0.0	0.25	0.25	0.75	0.75	1.6666666666666665
SAH-10_1	0.0	0.0	0.0	0.0	0.0	0.0	0.0	0.0	0.0	0.0	0.0	0.0	0.0	0.0	0.0	0.0	0.0	0.0	0.0	0.0	0.0	0.0	0.0	0.0	0.0	0.0	0.0	0.0	0.0	0.0	0.0	0.0	0.0	0.0	0.25	0.75	0.75	1.5	2.5	1.0	2.0	3.0	3.0	2.25	2.0	2.75	2.25	6.75	19.5	48.0	147.25	467.0	1359.0	4695.75	12041.25	9183.0	7030.0	5585.0	5602.5	5793.0	5203.0	3784.5	2206.75	1256.75	791.25	633.25	351.25	183.0	75.0	34.0	15.75	5.75	2.25	1.0	0.0	0.0	0.0	0.0	0.0	0.0	0.0	0.25	0.0	0.0	0.0	0.0	0.0	0.0	0.25	0.0	0.0	0.0	0.0	0.0	0.0	0.0	0.0	0.0	0.0	0.0	0.0
SAH-10_2	0.0	0.0	0.0	0.0	0.0	0.0	0.0	0.0	0.0	0.0	0.0	0.0	0.0	0.0	0.0	0.0	0.0	0.0	0.0	0.0	0.0	0.0	0.0	0.0	0.0	0.0	0.0	0.0	0.0	0.0	0.0	0.0	0.0	0.0	0.0	0.0	0.25	0.0	0.5	0.75	0.5	2.0	4.25	3.0	3.0	7.0	14.75	60.0	127.25	182.25	206.0	299.5	744.25	2233.25	5744.25	11287.5	12836.5	9452.75	7028.75	5305.25	3618.5	2387.0	1517.25	1021.25	782.25	563.5	358.75	209.5	99.0	48.75	33.75	14.75	6.25	4.75	3.5	2.25	1.0	1.0	1.25	1.0	0.75	0.25	0.5	0.5	0.0	0.0	0.0	0.25	0.25	0.5	0.25	0.0	0.0	0.0	0.0	0.0	0.25	0.5	0.0	0.25	0.3333333333333333
SAH-1_1	0.0	0.0	0.0	0.0	0.0	0.0	0.0	0.0	0.0	0.0	0.0	0.0	0.0	0.0	0.0	0.0	0.0	0.0	0.0	0.0	0.0	0.0	0.0	0.0	0.0	0.0	0.0	0.0	0.0	0.0	0.0	0.0	0.0	0.0	0.25	0.5	0.5	0.5	1.5	1.75	2.5	2.0	2.25	2.25	1.5	1.75	3.0	4.75	16.25	41.75	124.25	504.75	1417.75	3066.5	8366.5	6329.5	4990.0	5399.5	8033.5	8309.5	6535.25	4306.0	2591.0	1660.75	1364.25	682.5	343.25	164.0	60.0	29.5	9.0	3.0	1.0	0.5	0.0	0.0	0.0	0.0	0.0	0.0	0.0	0.0	0.0	0.0	0.0	0.0	0.0	0.0	0.0	0.0	0.0	0.0	0.0	0.0	0.0	0.0	0.0	0.0	0.0	0.0	0.0
SAH-1_2	0.0	0.0	0.0	0.0	0.0	0.0	0.0	0.0	0.0	0.0	0.0	0.0	0.0	0.0	0.0	0.0	0.0	0.0	0.0	0.0	0.0	0.0	0.0	0.0	0.0	0.0	0.0	0.0	0.0	0.0	0.0	0.25	0.25	0.0	0.0	0.0	0.0	0.25	0.25	0.5	1.25	1.0	2.0	1.25	2.25	3.0	9.5	32.25	89.75	150.0	206.25	313.0	900.75	2277.0	4492.25	8412.75	11396.75	9812.5	7705.75	5931.5	4221.25	2925.0	1911.25	1289.75	907.0	612.75	358.0	207.5	108.25	52.25	27.0	13.5	7.0	3.75	2.25	3.0	1.5	1.0	0.5	1.0	0.75	1.0	0.75	0.25	0.0	0.25	0.0	0.25	0.0	0.0	0.0	0.0	0.25	0.0	0.0	0.0	0.25	0.5	0.5	0.0	0.6666666666666666
SAH-2_1	0.0	0.0	0.0	0.0	0.0	0.0	0.0	0.0	0.0	0.0	0.0	0.0	0.0	0.0	0.0	0.0	0.0	0.0	0.0	0.0	0.0	0.0	0.0	0.0	0.0	0.0	0.0	0.0	0.0	0.0	0.0	0.0	0.0	0.25	0.0	1.25	1.75	2.25	3.0	1.75	2.5	5.25	6.75	4.25	6.0	7.25	6.5	11.0	33.5	62.0	257.0	709.0	2173.75	4775.75	12426.25	10979.25	8024.25	7117.25	9127.0	8883.5	7134.75	5124.25	3039.5	2271.0	1845.75	988.5	458.25	176.75	77.5	31.75	13.0	5.0	2.25	0.25	0.0	0.25	0.0	0.0	0.0	0.0	0.0	0.0	0.0	0.0	0.0	0.0	0.0	0.0	0.0	0.0	0.0	0.0	0.0	0.0	0.0	0.0	0.0	0.0	0.0	0.0	0.0
SAH-2_2	0.0	0.0	0.0	0.0	0.0	0.0	0.0	0.0	0.0	0.0	0.0	0.0	0.0	0.0	0.0	0.0	0.0	0.0	0.0	0.0	0.0	0.0	0.0	0.0	0.0	0.0	0.0	0.0	0.0	0.0	0.0	0.0	0.0	0.0	0.0	0.0	0.25	0.25	0.0	0.5	2.25	3.25	2.25	4.75	5.5	12.25	31.25	76.5	207.75	358.25	442.25	884.0	2255.5	4651.0	7861.75	11648.5	13697.75	11605.75	8978.5	6939.5	5135.5	3813.75	2571.75	1609.5	1076.5	813.25	585.75	341.25	178.25	77.0	31.75	19.75	15.5	8.25	4.75	5.0	3.25	2.5	2.5	1.5	1.5	1.0	1.25	0.5	0.25	1.0	0.25	0.25	0.25	0.0	0.0	0.0	0.0	0.25	0.75	0.5	0.75	0.5	0.75	1.0	1.3333333333333333
SAH-3_1	0.0	0.0	0.0	0.0	0.0	0.0	0.0	0.0	0.0	0.0	0.0	0.0	0.0	0.0	0.0	0.0	0.0	0.0	0.0	0.0	0.0	0.0	0.0	0.0	0.0	0.0	0.0	0.0	0.0	0.0	0.0	0.0	0.0	0.0	0.25	0.25	0.75	0.75	0.25	1.0	1.5	1.75	3.0	4.0	2.5	3.25	6.5	10.25	33.5	72.5	202.0	517.0	953.0	1825.5	3443.25	4410.0	4253.5	4947.75	7919.75	8296.75	7368.5	5393.25	3095.0	1906.0	1204.25	741.5	377.5	168.0	68.5	25.0	10.75	5.75	0.25	0.75	0.0	0.0	0.25	0.5	0.0	0.0	0.25	0.0	0.0	0.0	0.0	0.0	0.0	0.0	0.0	0.0	0.0	0.0	0.0	0.0	0.0	0.0	0.0	0.0	0.0	0.0	0.0
SAH-3_2	0.0	0.0	0.0	0.0	0.0	0.0	0.0	0.0	0.0	0.0	0.0	0.0	0.0	0.0	0.0	0.0	0.0	0.0	0.0	0.0	0.0	0.0	0.0	0.0	0.0	0.0	0.0	0.0	0.0	0.0	0.0	0.0	0.0	0.25	0.25	0.0	0.0	0.0	0.25	0.0	0.5	1.0	1.25	2.5	4.75	6.5	18.5	53.75	134.5	252.75	327.5	455.5	1027.25	2120.25	3923.5	6687.75	8045.0	7741.5	7384.75	6310.5	4414.0	3064.75	1990.0	1169.5	755.75	528.75	333.75	184.0	98.25	49.25	22.0	10.5	7.0	4.5	4.25	1.75	0.75	1.5	1.75	1.25	0.5	0.75	0.25	0.0	0.25	0.25	0.5	0.5	0.25	0.25	0.5	0.0	0.0	0.0	0.25	0.5	0.5	0.0	0.5	0.75	0.3333333333333333
SAH-4_1	0.0	0.0	0.0	0.0	0.0	0.0	0.0	0.0	0.0	0.0	0.0	0.0	0.0	0.0	0.0	0.0	0.0	0.0	0.0	0.0	0.0	0.0	0.0	0.0	0.0	0.0	0.0	0.0	0.0	0.0	0.0	0.0	0.25	0.25	0.25	0.5	0.25	1.25	0.75	1.75	2.0	1.75	2.5	3.5	3.75	3.75	3.5	6.75	9.5	40.25	98.0	291.0	870.75	3026.25	7749.0	8378.25	7186.25	5987.25	8274.25	8528.25	7633.75	4992.5	2723.75	1851.0	1230.25	666.0	335.75	166.0	59.75	26.5	7.75	2.75	1.0	0.25	0.0	0.25	0.0	0.25	0.0	0.0	0.0	0.0	0.0	0.0	0.0	0.0	0.0	0.0	0.0	0.0	0.0	0.0	0.0	0.0	0.0	0.0	0.0	0.0	0.0	0.0	0.0
SAH-4_2	0.0	0.0	0.0	0.0	0.0	0.0	0.0	0.0	0.0	0.0	0.0	0.0	0.0	0.0	0.0	0.0	0.0	0.0	0.0	0.0	0.0	0.0	0.0	0.0	0.0	0.0	0.0	0.0	0.0	0.0	0.0	0.0	0.0	0.25	0.0	0.0	0.0	0.25	0.25	0.0	0.0	0.25	1.0	1.5	3.25	4.75	7.0	28.0	74.0	124.5	160.0	246.5	691.75	1942.75	4948.25	10098.5	12315.0	10176.75	8437.0	6897.5	4733.5	3211.75	2150.25	1388.75	949.75	629.5	394.5	219.5	102.75	53.5	26.0	16.75	10.0	5.75	4.5	3.25	1.75	1.5	1.25	1.0	1.0	1.0	1.0	0.25	0.25	0.25	0.0	0.0	0.25	0.5	0.0	0.25	0.0	0.25	0.25	0.5	0.5	0.0	0.0	0.5	1.9999999999999998
SAH-5_1	0.0	0.0	0.0	0.0	0.0	0.0	0.0	0.0	0.0	0.0	0.0	0.0	0.0	0.0	0.0	0.0	0.0	0.0	0.0	0.0	0.0	0.0	0.0	0.0	0.0	0.0	0.0	0.0	0.0	0.0	0.0	0.0	0.0	0.0	0.0	0.75	0.25	0.75	1.0	2.0	4.5	3.5	4.25	4.75	5.25	5.5	6.0	8.75	25.75	75.5	214.5	548.5	1539.25	4951.0	12710.75	9986.0	7320.25	5819.5	6779.5	6895.25	5977.75	3873.75	2064.5	1302.75	888.0	475.75	255.5	133.5	51.75	22.5	6.75	2.0	1.25	0.0	0.25	0.0	0.0	0.0	0.0	0.0	0.0	0.0	0.0	0.0	0.0	0.0	0.25	0.0	0.0	0.0	0.0	0.0	0.0	0.0	0.0	0.0	0.0	0.0	0.0	0.0	0.0
SAH-5_2	0.0	0.0	0.0	0.0	0.0	0.0	0.0	0.0	0.0	0.0	0.0	0.0	0.0	0.0	0.0	0.0	0.0	0.0	0.0	0.0	0.0	0.0	0.0	0.0	0.0	0.0	0.0	0.0	0.0	0.0	0.0	0.0	0.0	0.0	0.0	0.0	0.0	0.5	0.75	0.25	0.0	0.75	0.5	1.25	4.25	6.0	14.25	65.0	160.0	234.25	380.75	510.75	950.5	2428.75	5871.5	10967.0	13741.0	10952.5	8349.75	6134.25	3947.0	2488.5	1587.5	1051.0	733.0	518.75	342.0	186.5	95.75	56.75	23.25	14.75	9.25	5.0	4.25	3.5	2.25	2.0	0.75	1.5	0.5	0.5	0.5	1.0	0.25	0.0	0.75	0.25	0.25	0.25	0.25	0.25	0.0	0.25	0.0	0.25	0.5	0.25	0.25	0.25	0.3333333333333333
SAH-6_1	0.0	0.0	0.0	0.0	0.0	0.0	0.0	0.0	0.0	0.0	0.0	0.0	0.0	0.0	0.0	0.0	0.0	0.0	0.0	0.0	0.0	0.0	0.0	0.0	0.0	0.0	0.0	0.0	0.0	0.0	0.0	0.0	0.0	0.0	0.0	0.25	0.0	1.25	2.0	2.25	2.25	2.75	3.0	2.75	3.25	4.0	6.25	7.0	13.5	58.75	168.25	623.0	1632.75	3099.5	8434.5	7282.0	5345.0	5588.0	7416.5	7685.75	6047.5	4355.25	2810.25	1490.25	893.5	617.5	355.75	176.0	76.75	28.5	15.25	6.0	2.25	0.75	0.25	0.0	0.0	0.0	0.0	0.0	0.0	0.0	0.0	0.0	0.0	0.0	0.0	0.0	0.0	0.0	0.0	0.0	0.0	0.0	0.0	0.0	0.0	0.0	0.0	0.0	0.0
SAH-6_2	0.0	0.0	0.0	0.0	0.0	0.0	0.0	0.0	0.0	0.0	0.0	0.0	0.0	0.0	0.0	0.0	0.0	0.0	0.0	0.0	0.0	0.0	0.0	0.0	0.0	0.0	0.0	0.0	0.0	0.0	0.0	0.0	0.0	0.0	0.0	0.0	0.0	0.0	0.25	0.75	1.5	1.5	2.25	4.5	4.25	6.5	18.25	53.25	125.25	211.75	274.75	410.75	964.25	2403.25	4928.75	8222.25	10669.0	9424.5	7686.25	6337.75	4490.75	2847.25	1747.75	1112.5	780.0	550.0	365.75	225.0	139.5	79.0	41.0	15.75	7.5	5.5	4.25	4.25	4.0	3.0	1.75	1.25	1.0	0.5	0.5	0.25	0.5	0.5	0.25	0.25	0.0	0.0	0.0	0.0	0.0	0.0	0.25	0.0	0.0	0.25	0.25	0.25	0.6666666666666666
SAH-7_1	0.0	0.0	0.0	0.0	0.0	0.0	0.0	0.0	0.0	0.0	0.0	0.0	0.0	0.0	0.0	0.0	0.0	0.0	0.0	0.0	0.0	0.0	0.0	0.0	0.0	0.0	0.0	0.0	0.0	0.0	0.0	0.0	0.0	0.0	0.0	0.25	0.25	1.25	0.75	0.5	1.75	1.5	1.25	2.0	3.5	2.0	3.25	9.75	35.75	79.25	247.25	689.25	1610.5	2714.0	4280.5	5337.25	5192.5	5508.5	8095.0	8393.5	6961.5	4879.0	3167.0	1775.75	1026.75	584.5	283.25	139.5	57.75	23.0	12.0	6.0	2.25	1.5	0.25	0.25	0.25	0.5	0.0	0.25	0.25	0.25	0.0	0.0	0.0	0.0	0.0	0.0	0.0	0.0	0.0	0.0	0.0	0.0	0.0	0.0	0.0	0.0	0.0	0.0	0.0
SAH-7_2	0.0	0.0	0.0	0.0	0.0	0.0	0.0	0.0	0.0	0.0	0.0	0.0	0.0	0.0	0.0	0.0	0.0	0.0	0.0	0.0	0.0	0.0	0.0	0.0	0.0	0.0	0.0	0.0	0.0	0.0	0.0	0.0	0.0	0.0	0.0	0.0	0.0	0.0	0.25	1.25	0.5	0.75	2.75	4.0	6.0	6.25	25.0	106.5	241.5	403.75	421.0	513.75	1039.5	2278.75	4416.75	7644.0	9172.75	8389.25	7663.25	6488.75	4604.0	3011.25	1878.25	1116.0	688.0	440.5	277.25	160.0	94.0	50.25	28.25	10.5	7.75	3.75	3.25	3.5	1.75	1.5	0.75	0.0	0.25	0.75	1.5	1.25	0.5	0.0	0.25	0.0	0.5	0.5	0.5	0.25	0.5	0.5	0.5	0.0	0.0	0.0	0.25	0.0	0.6666666666666666
SAH-8_1	0.0	0.0	0.0	0.0	0.0	0.0	0.0	0.0	0.0	0.0	0.0	0.0	0.0	0.0	0.0	0.0	0.0	0.0	0.0	0.0	0.0	0.0	0.0	0.0	0.0	0.0	0.0	0.0	0.0	0.0	0.0	0.0	0.0	0.0	0.0	0.0	0.25	0.75	2.5	1.75	1.25	2.75	1.25	1.25	2.25	2.0	1.75	5.75	23.25	129.0	339.5	815.75	1711.25	2719.25	3884.0	5662.0	6545.25	7657.0	10741.5	12048.25	10173.5	7443.5	4343.0	2598.75	1600.25	1164.25	590.5	317.5	146.5	60.5	22.0	6.0	2.5	2.5	0.25	0.0	0.0	0.0	0.0	0.0	0.0	0.0	0.0	0.0	0.0	0.0	0.0	0.0	0.0	0.0	0.0	0.0	0.0	0.0	0.0	0.0	0.0	0.0	0.0	0.0	0.0
SAH-8_2	0.0	0.0	0.0	0.0	0.0	0.0	0.0	0.0	0.0	0.0	0.0	0.0	0.0	0.0	0.0	0.0	0.0	0.25	0.0	0.0	0.0	0.0	0.0	0.0	0.0	0.0	0.0	0.0	0.0	0.0	0.0	0.25	0.0	0.0	0.0	0.0	0.25	0.25	0.25	0.25	0.75	0.0	0.75	4.0	5.0	9.0	21.0	78.25	219.5	380.0	488.75	525.75	978.5	2224.25	4492.5	7779.75	10553.0	11260.0	11177.75	9739.0	7100.0	4758.5	3006.25	1929.0	1374.0	966.75	643.0	352.25	210.5	126.75	64.5	32.5	16.75	14.25	7.75	3.75	3.25	2.0	2.25	1.5	1.75	1.0	0.25	1.0	1.0	0.5	1.5	0.75	0.5	0.25	0.25	0.0	1.0	0.0	0.0	0.25	0.25	0.5	0.75	0.25	0.3333333333333333
SAH-9_1	0.0	0.0	0.0	0.0	0.0	0.0	0.0	0.0	0.0	0.0	0.0	0.0	0.0	0.0	0.0	0.0	0.0	0.0	0.0	0.0	0.0	0.0	0.0	0.0	0.0	0.0	0.0	0.0	0.0	0.0	0.0	0.0	0.0	0.5	0.25	0.0	0.25	0.25	1.5	2.5	2.0	2.75	2.0	1.5	2.25	1.5	2.75	6.75	30.75	95.75	287.0	793.25	2258.75	3784.5	8206.0	7359.0	5601.0	5517.5	7195.25	6698.25	5003.5	3331.75	1888.75	1057.0	664.5	470.25	249.5	112.75	41.25	17.25	7.0	3.0	0.75	0.0	0.0	0.0	0.0	0.0	0.0	0.0	0.0	0.0	0.0	0.0	0.0	0.0	0.0	0.0	0.0	0.0	0.0	0.0	0.0	0.0	0.0	0.0	0.0	0.0	0.0	0.0	0.0
SAH-9_2	0.0	0.0	0.0	0.0	0.0	0.0	0.0	0.0	0.0	0.0	0.0	0.0	0.0	0.0	0.0	0.0	0.0	0.0	0.0	0.0	0.0	0.0	0.0	0.0	0.0	0.0	0.0	0.0	0.0	0.0	0.0	0.0	0.0	0.0	0.0	0.0	0.0	0.0	0.0	0.5	1.75	1.25	2.5	3.0	6.75	15.75	43.0	157.75	335.0	467.25	552.25	695.75	1344.5	2780.25	5240.0	8353.0	10212.5	9059.25	7116.0	5296.25	3477.5	2085.75	1226.25	734.5	499.5	344.0	267.25	184.75	103.5	51.0	25.25	13.25	8.5	5.0	3.0	2.5	2.0	1.25	0.75	0.75	0.75	1.0	1.25	0.5	0.5	0.5	0.0	0.0	0.0	0.0	0.25	0.25	0.5	0.25	0.25	0.25	0.5	0.5	0.25	0.25	0.0
