Sample	250	252	254	256	258	260	262	264	266	268	270	272	274	276	278	280	282	284	286	288	290	292	294	296	298	300
DR1014-E_1_val_1	4.0	7.0	2.0	7.0	8.0	3.0	8.0	27.0	5.0	10.0	17.0	25.0	15.0	67.0	6.0	26.0	70.0	79.0	71.0	164.0	403.0	224.0	284.0	1536.0	3400.0	70594.0
DR1014-E_2_val_2	118.0	84.0	255.0	182.0	28.0	148.0	84.0	1047.0	170.0	490.0	434.0	262.0	771.0	438.0	558.0	939.0	77.0	521.0	78.0	570.0	727.0	763.0	341.0	3467.0	10819.0	53691.0
DR1014-SAH_1_val_1	19.0	17.0	14.0	34.0	55.0	27.0	48.0	49.0	37.0	50.0	52.0	78.0	94.0	173.0	62.0	94.0	234.0	234.0	253.0	551.0	948.0	803.0	955.0	5156.0	8472.0	87291.0
DR1014-SAH_2_val_2	277.0	268.0	598.0	498.0	135.0	231.0	173.0	1643.0	810.0	951.0	663.0	495.0	1127.0	885.0	1014.0	1473.0	334.0	990.0	111.0	1023.0	1198.0	1322.0	822.0	4575.0	13152.0	71032.0
DR1015-SAH_1_val_1	8.0	13.0	8.0	11.0	25.0	13.0	24.0	30.0	15.0	25.0	36.0	51.0	33.0	117.0	28.0	49.0	117.0	168.0	157.0	324.0	589.0	494.0	622.0	3566.0	6759.0	67419.0
DR1015-SAH_2_val_2	235.0	226.0	519.0	406.0	127.0	249.0	141.0	1385.0	627.0	689.0	546.0	375.0	1039.0	754.0	884.0	1288.0	231.0	840.0	71.0	935.0	1081.0	1051.0	666.0	3680.0	10660.0	51996.0
DR1018-E_1_val_1	3.0	4.0	3.0	6.0	8.0	4.0	8.0	4.0	6.0	6.0	9.0	17.0	15.0	25.0	7.0	11.0	47.0	27.0	58.0	95.0	195.0	159.0	164.0	852.0	2327.0	27801.0
DR1018-E_2_val_2	83.0	61.0	164.0	152.0	54.0	66.0	61.0	544.0	188.0	224.0	184.0	131.0	300.0	231.0	297.0	456.0	58.0	264.0	32.0	311.0	322.0	328.0	217.0	1497.0	4470.0	21166.0
DR1018-SAH_1_val_1	18.0	23.0	7.0	34.0	40.0	18.0	46.0	41.0	21.0	41.0	46.0	59.0	60.0	150.0	54.0	80.0	176.0	211.0	273.0	485.0	804.0	706.0	805.0	4609.0	9292.0	81694.0
DR1018-SAH_2_val_2	307.0	265.0	624.0	538.0	171.0	263.0	168.0	1602.0	843.0	890.0	703.0	461.0	1200.0	955.0	1139.0	1583.0	321.0	989.0	84.0	1019.0	1275.0	1430.0	817.0	4591.0	12845.0	64710.0
DR1019-E_1_val_1	7.0	9.0	11.0	20.0	136.0	23.0	24.0	28.0	13.0	42.0	34.0	44.0	87.0	86.0	38.0	37.0	125.0	132.0	209.0	257.0	418.0	476.0	540.0	3100.0	4968.0	56442.0
DR1019-E_2_val_2	205.0	188.0	392.0	379.0	230.0	234.0	181.0	960.0	618.0	570.0	384.0	328.0	773.0	525.0	678.0	914.0	283.0	587.0	163.0	699.0	763.0	958.0	620.0	3340.0	9554.0	42780.0
DR1019-SAH_1_val_1	7.0	10.0	8.0	24.0	25.0	21.0	41.0	38.0	29.0	39.0	34.0	60.0	64.0	111.0	42.0	70.0	153.0	156.0	194.0	450.0	705.0	574.0	725.0	3702.0	6684.0	73886.0
DR1019-SAH_2_val_2	220.0	227.0	497.0	430.0	137.0	158.0	140.0	1395.0	797.0	776.0	603.0	399.0	948.0	703.0	828.0	1282.0	232.0	833.0	87.0	816.0	1070.0	1055.0	676.0	3553.0	10622.0	59368.0
DR1020-SAH_1_val_1	13.0	18.0	9.0	27.0	20.0	30.0	29.0	28.0	19.0	32.0	31.0	60.0	48.0	116.0	41.0	81.0	157.0	163.0	240.0	415.0	628.0	633.0	785.0	3944.0	6277.0	72183.0
DR1020-SAH_2_val_2	207.0	221.0	493.0	412.0	150.0	188.0	135.0	1400.0	871.0	824.0	672.0	406.0	955.0	752.0	923.0	1363.0	294.0	842.0	86.0	868.0	990.0	1161.0	674.0	3585.0	10039.0	57516.0
DR1021-SAH_1_val_1	8.0	19.0	11.0	25.0	27.0	18.0	30.0	28.0	34.0	34.0	52.0	66.0	61.0	131.0	42.0	81.0	165.0	193.0	262.0	484.0	817.0	688.0	924.0	4896.0	7343.0	82931.0
DR1021-SAH_2_val_2	232.0	269.0	543.0	510.0	150.0	210.0	165.0	1486.0	931.0	1001.0	663.0	486.0	1142.0	940.0	1087.0	1498.0	349.0	991.0	124.0	1013.0	1245.0	1359.0	826.0	4194.0	12131.0	65825.0
DR1025-E_1_val_1	13.0	14.0	8.0	19.0	38.0	11.0	28.0	24.0	16.0	22.0	31.0	36.0	62.0	82.0	31.0	59.0	99.0	110.0	147.0	286.0	425.0	412.0	463.0	2206.0	6331.0	55613.0
DR1025-E_2_val_2	216.0	224.0	433.0	378.0	194.0	232.0	176.0	1018.0	437.0	502.0	426.0	334.0	693.0	466.0	625.0	973.0	255.0	596.0	179.0	635.0	763.0	843.0	640.0	3283.0	9245.0	42820.0
DR1025-SAH_1_val_1	13.0	18.0	15.0	34.0	27.0	28.0	38.0	40.0	32.0	47.0	42.0	60.0	74.0	142.0	46.0	78.0	169.0	204.0	266.0	519.0	804.0	689.0	868.0	4359.0	8621.0	90108.0
DR1025-SAH_2_val_2	269.0	292.0	607.0	502.0	163.0	235.0	183.0	1723.0	906.0	992.0	686.0	484.0	1209.0	976.0	1172.0	1564.0	344.0	1057.0	104.0	1070.0	1318.0	1372.0	848.0	4622.0	12759.0	71884.0
DR1027-E_1_val_1	16.0	25.0	8.0	27.0	206.0	18.0	42.0	36.0	13.0	43.0	34.0	42.0	34.0	107.0	22.0	49.0	131.0	133.0	109.0	313.0	448.0	460.0	522.0	4666.0	3757.0	65865.0
DR1027-E_2_val_2	220.0	181.0	446.0	370.0	308.0	217.0	207.0	978.0	422.0	588.0	459.0	381.0	923.0	593.0	669.0	1043.0	218.0	646.0	113.0	746.0	794.0	1239.0	599.0	3676.0	11478.0	49612.0
DR1027-H_1_val_1	23.0	28.0	10.0	48.0	126.0	30.0	59.0	55.0	40.0	56.0	83.0	84.0	88.0	188.0	81.0	114.0	204.0	263.0	360.0	580.0	946.0	897.0	1024.0	4506.0	11398.0	102475.0
DR1027-H_2_val_2	262.0	260.0	557.0	481.0	263.0	263.0	210.0	1716.0	787.0	916.0	705.0	486.0	1165.0	912.0	1062.0	1631.0	345.0	1018.0	136.0	1091.0	1344.0	1519.0	930.0	4932.0	15068.0	85707.0
DR1027-SAH_1_val_1	11.0	17.0	7.0	30.0	27.0	14.0	31.0	26.0	22.0	45.0	36.0	51.0	47.0	114.0	40.0	60.0	144.0	202.0	199.0	421.0	629.0	579.0	707.0	3362.0	7521.0	75472.0
DR1027-SAH_2_val_2	228.0	235.0	471.0	429.0	124.0	182.0	142.0	1327.0	673.0	713.0	500.0	343.0	962.0	783.0	848.0	1301.0	266.0	838.0	91.0	848.0	1018.0	1202.0	712.0	3941.0	11227.0	60410.0
DR1028-SAH_1_val_1	15.0	26.0	16.0	47.0	30.0	31.0	41.0	31.0	33.0	42.0	52.0	65.0	76.0	163.0	51.0	92.0	206.0	231.0	232.0	488.0	798.0	760.0	869.0	3766.0	7148.0	65811.0
DR1028-SAH_2_val_2	165.0	211.0	418.0	386.0	145.0	186.0	132.0	1173.0	659.0	749.0	530.0	348.0	815.0	636.0	804.0	1207.0	293.0	782.0	114.0	802.0	963.0	1080.0	730.0	3502.0	9541.0	54749.0
DR1029-SAH_1_val_1	19.0	21.0	7.0	29.0	26.0	25.0	43.0	44.0	26.0	45.0	46.0	67.0	41.0	124.0	54.0	85.0	163.0	169.0	264.0	423.0	753.0	606.0	856.0	3381.0	7890.0	72447.0
DR1029-SAH_2_val_2	256.0	289.0	554.0	483.0	174.0	223.0	142.0	1434.0	898.0	852.0	651.0	438.0	901.0	847.0	926.0	1260.0	338.0	940.0	86.0	921.0	1075.0	1198.0	735.0	3695.0	10426.0	57912.0
DR1030-E_1_val_1	4.0	4.0	3.0	13.0	76.0	13.0	10.0	10.0	10.0	23.0	13.0	10.0	16.0	37.0	6.0	24.0	97.0	35.0	115.0	187.0	457.0	204.0	239.0	1500.0	3346.0	76983.0
DR1030-E_2_val_2	150.0	94.0	302.0	259.0	94.0	184.0	71.0	723.0	237.0	442.0	420.0	293.0	846.0	466.0	560.0	1070.0	126.0	609.0	60.0	686.0	731.0	1058.0	504.0	3892.0	12171.0	57387.0
DR1030-SAH_1_val_1	12.0	22.0	12.0	27.0	21.0	21.0	32.0	27.0	27.0	30.0	38.0	51.0	59.0	116.0	43.0	62.0	132.0	181.0	209.0	407.0	661.0	583.0	633.0	3242.0	6730.0	68712.0
DR1030-SAH_2_val_2	220.0	189.0	457.0	400.0	112.0	171.0	131.0	1206.0	633.0	666.0	477.0	359.0	824.0	715.0	813.0	1194.0	244.0	741.0	76.0	803.0	960.0	1064.0	688.0	3557.0	9891.0	55499.0
DR1034-SAH_1_val_1	8.0	16.0	10.0	24.0	19.0	21.0	34.0	35.0	24.0	27.0	39.0	59.0	48.0	113.0	47.0	55.0	142.0	179.0	213.0	340.0	600.0	595.0	661.0	3434.0	7706.0	68156.0
DR1034-SAH_2_val_2	203.0	257.0	466.0	432.0	147.0	202.0	126.0	1255.0	657.0	740.0	599.0	356.0	884.0	724.0	862.0	1236.0	302.0	774.0	95.0	807.0	1000.0	1021.0	705.0	3744.0	10350.0	54661.0
DR1035-E_1_val_1	5.0	11.0	8.0	16.0	29.0	17.0	29.0	24.0	20.0	27.0	34.0	34.0	42.0	102.0	34.0	49.0	137.0	117.0	178.0	349.0	645.0	443.0	493.0	3076.0	6068.0	74613.0
DR1035-E_2_val_2	173.0	166.0	420.0	316.0	103.0	191.0	104.0	1133.0	454.0	650.0	484.0	336.0	803.0	602.0	736.0	1092.0	176.0	692.0	91.0	765.0	890.0	966.0	515.0	3778.0	11393.0	59571.0
DR1035-H_1_val_1	13.0	22.0	10.0	20.0	25.0	27.0	41.0	39.0	16.0	38.0	50.0	51.0	57.0	115.0	66.0	79.0	168.0	225.0	344.0	324.0	624.0	587.0	685.0	3773.0	8314.0	86208.0
DR1035-H_2_val_2	238.0	184.0	501.0	449.0	121.0	233.0	149.0	1515.0	840.0	800.0	552.0	495.0	1068.0	767.0	1043.0	1435.0	314.0	849.0	117.0	963.0	1155.0	1161.0	734.0	4279.0	12608.0	69351.0
DR1035-SAH_1_val_1	10.0	14.0	13.0	33.0	36.0	27.0	34.0	36.0	29.0	33.0	35.0	62.0	53.0	138.0	46.0	85.0	181.0	213.0	225.0	428.0	747.0	634.0	749.0	4129.0	7145.0	77988.0
DR1035-SAH_2_val_2	183.0	200.0	395.0	380.0	120.0	175.0	100.0	1211.0	650.0	692.0	480.0	350.0	863.0	660.0	810.0	1223.0	238.0	692.0	74.0	832.0	994.0	1026.0	628.0	3642.0	11194.0	65311.0
DR1036-SAH_1_val_1	22.0	24.0	14.0	42.0	36.0	35.0	41.0	50.0	30.0	61.0	68.0	95.0	66.0	199.0	60.0	123.0	248.0	239.0	264.0	582.0	856.0	781.0	866.0	3685.0	7123.0	60477.0
DR1036-SAH_2_val_2	205.0	194.0	441.0	394.0	134.0	174.0	142.0	1291.0	654.0	689.0	501.0	360.0	883.0	651.0	807.0	1162.0	213.0	767.0	79.0	757.0	951.0	1010.0	589.0	3418.0	9503.0	50118.0
DR1038-A-SAH_1_val_1	11.0	18.0	12.0	19.0	28.0	22.0	36.0	39.0	29.0	48.0	33.0	56.0	46.0	131.0	60.0	52.0	159.0	168.0	252.0	446.0	750.0	718.0	886.0	3421.0	6928.0	71683.0
DR1038-A-SAH_2_val_2	174.0	207.0	442.0	366.0	130.0	178.0	130.0	1268.0	710.0	720.0	541.0	365.0	821.0	751.0	957.0	1181.0	275.0	831.0	110.0	805.0	995.0	1103.0	702.0	3596.0	9965.0	58728.0
DR1038-SAH_1_val_1	9.0	11.0	7.0	23.0	18.0	17.0	17.0	24.0	25.0	36.0	27.0	48.0	50.0	123.0	37.0	60.0	106.0	164.0	157.0	336.0	563.0	547.0	641.0	2967.0	6710.0	69756.0
DR1038-SAH_2_val_2	203.0	210.0	406.0	375.0	133.0	185.0	130.0	1275.0	610.0	686.0	470.0	346.0	975.0	720.0	823.0	1230.0	229.0	766.0	69.0	756.0	984.0	1026.0	711.0	3641.0	10407.0	55113.0
DR1039-SAH_1_val_1	8.0	9.0	12.0	18.0	29.0	25.0	30.0	38.0	17.0	28.0	41.0	52.0	46.0	128.0	38.0	76.0	130.0	182.0	172.0	365.0	608.0	533.0	677.0	3207.0	7019.0	64226.0
DR1039-SAH_2_val_2	211.0	209.0	471.0	378.0	128.0	186.0	127.0	1268.0	683.0	695.0	504.0	356.0	888.0	643.0	800.0	1146.0	212.0	733.0	93.0	777.0	1028.0	1040.0	632.0	3314.0	9468.0	51724.0
DR1040-SAH_1_val_1	6.0	10.0	7.0	17.0	18.0	9.0	20.0	17.0	18.0	20.0	17.0	34.0	44.0	87.0	26.0	65.0	75.0	167.0	107.0	261.0	330.0	393.0	451.0	3237.0	4915.0	71761.0
DR1040-SAH_2_val_2	146.0	154.0	383.0	360.0	73.0	183.0	99.0	1154.0	475.0	492.0	448.0	288.0	846.0	533.0	720.0	1016.0	138.0	698.0	55.0	711.0	928.0	946.0	430.0	3318.0	10882.0	56636.0
DR1041-E_1_val_1	5.0	5.0	2.0	6.0	23.0	13.0	11.0	5.0	6.0	12.0	17.0	21.0	23.0	65.0	3.0	75.0	62.0	39.0	46.0	175.0	382.0	272.0	194.0	1203.0	2971.0	68309.0
DR1041-E_2_val_2	127.0	107.0	300.0	216.0	72.0	111.0	97.0	1124.0	201.0	509.0	440.0	297.0	802.0	507.0	642.0	1055.0	82.0	623.0	55.0	678.0	804.0	931.0	340.0	3431.0	10976.0	49418.0
DR1041-H_1_val_1	1.0	12.0	10.0	13.0	13.0	9.0	34.0	34.0	9.0	20.0	29.0	30.0	33.0	94.0	19.0	93.0	110.0	161.0	113.0	339.0	386.0	469.0	388.0	2257.0	5366.0	85808.0
DR1041-H_2_val_2	174.0	152.0	417.0	377.0	99.0	232.0	143.0	1195.0	443.0	489.0	377.0	299.0	941.0	650.0	779.0	1319.0	141.0	729.0	63.0	824.0	1112.0	1023.0	537.0	4020.0	12551.0	66764.0
DR1041-SAH_1_val_1	15.0	14.0	6.0	23.0	21.0	17.0	28.0	32.0	21.0	27.0	31.0	34.0	45.0	98.0	19.0	67.0	87.0	181.0	92.0	317.0	340.0	456.0	354.0	2075.0	4294.0	63662.0
DR1041-SAH_2_val_2	156.0	141.0	400.0	318.0	92.0	218.0	106.0	1001.0	436.0	478.0	368.0	268.0	760.0	533.0	679.0	1017.0	139.0	636.0	64.0	680.0	864.0	896.0	493.0	2855.0	8888.0	49870.0
DR1042-E_1_val_1	6.0	8.0	4.0	14.0	24.0	14.0	17.0	28.0	6.0	7.0	18.0	28.0	20.0	67.0	3.0	33.0	96.0	99.0	65.0	245.0	464.0	338.0	407.0	2584.0	3746.0	79952.0
DR1042-E_2_val_2	120.0	108.0	363.0	258.0	93.0	177.0	99.0	942.0	201.0	476.0	380.0	312.0	791.0	467.0	632.0	1067.0	83.0	619.0	50.0	651.0	746.0	850.0	381.0	3850.0	12752.0	61825.0
DR1042-H_1_val_1	12.0	18.0	18.0	51.0	30.0	26.0	35.0	38.0	19.0	43.0	32.0	64.0	72.0	171.0	37.0	160.0	168.0	197.0	197.0	534.0	463.0	687.0	627.0	2486.0	7906.0	110429.0
DR1042-H_2_val_2	228.0	190.0	614.0	522.0	144.0	330.0	183.0	1252.0	534.0	525.0	466.0	377.0	1077.0	756.0	952.0	1602.0	214.0	952.0	105.0	1086.0	1405.0	1299.0	770.0	4663.0	15230.0	89044.0
DR1042-SAH_1_val_1	6.0	18.0	10.0	23.0	30.0	15.0	45.0	34.0	26.0	37.0	36.0	44.0	55.0	146.0	29.0	114.0	156.0	221.0	179.0	484.0	511.0	628.0	690.0	3010.0	6050.0	92317.0
DR1042-SAH_2_val_2	188.0	170.0	539.0	461.0	99.0	236.0	133.0	1281.0	584.0	648.0	485.0	390.0	1052.0	786.0	892.0	1395.0	203.0	893.0	78.0	888.0	1234.0	1211.0	640.0	4006.0	12884.0	73538.0
DR1043-E_1_val_1	9.0	13.0	6.0	20.0	42.0	14.0	14.0	36.0	18.0	13.0	32.0	29.0	43.0	116.0	14.0	58.0	128.0	136.0	109.0	317.0	468.0	414.0	414.0	2024.0	6771.0	76006.0
DR1043-E_2_val_2	178.0	146.0	478.0	351.0	96.0	194.0	104.0	1176.0	409.0	631.0	462.0	300.0	894.0	560.0	757.0	1169.0	122.0	675.0	56.0	725.0	1002.0	1011.0	476.0	3756.0	11997.0	59539.0
DR1043-H_1_val_1	8.0	15.0	9.0	20.0	24.0	16.0	27.0	41.0	18.0	27.0	20.0	47.0	58.0	142.0	20.0	97.0	120.0	190.0	197.0	486.0	325.0	460.0	538.0	3083.0	4598.0	79986.0
DR1043-H_2_val_2	169.0	145.0	464.0	412.0	70.0	235.0	168.0	1040.0	501.0	417.0	328.0	273.0	906.0	626.0	761.0	1179.0	156.0	666.0	61.0	793.0	961.0	944.0	493.0	3434.0	11660.0	63710.0
DR1043-SAH_1_val_1	7.0	17.0	9.0	18.0	18.0	17.0	21.0	36.0	9.0	32.0	29.0	32.0	33.0	94.0	25.0	72.0	106.0	135.0	112.0	349.0	314.0	447.0	447.0	2508.0	4436.0	70104.0
DR1043-SAH_2_val_2	168.0	181.0	475.0	384.0	83.0	233.0	124.0	1143.0	502.0	543.0	370.0	318.0	852.0	577.0	707.0	1066.0	157.0	688.0	78.0	725.0	980.0	1011.0	479.0	3111.0	9814.0	54658.0
DR1044-E_1_val_1	2.0	7.0	3.0	15.0	11.0	8.0	16.0	27.0	4.0	22.0	16.0	13.0	20.0	64.0	6.0	34.0	123.0	47.0	65.0	232.0	528.0	206.0	266.0	1431.0	4174.0	80708.0
DR1044-E_2_val_2	129.0	98.0	304.0	243.0	51.0	197.0	85.0	997.0	176.0	446.0	345.0	252.0	783.0	486.0	635.0	1062.0	90.0	631.0	50.0	741.0	797.0	821.0	368.0	4205.0	13477.0	60579.0
DR1044-SAH_1_val_1	10.0	27.0	13.0	40.0	22.0	31.0	46.0	50.0	27.0	45.0	43.0	39.0	69.0	147.0	32.0	116.0	129.0	200.0	170.0	495.0	414.0	639.0	587.0	3039.0	5592.0	69014.0
DR1044-SAH_2_val_2	173.0	161.0	528.0	425.0	89.0	233.0	130.0	1223.0	489.0	490.0	384.0	296.0	859.0	621.0	744.0	1210.0	155.0	755.0	75.0	860.0	1041.0	1069.0	504.0	3348.0	10419.0	54755.0
DR1045-E_1_val_1	4.0	4.0	5.0	15.0	14.0	6.0	12.0	44.0	5.0	6.0	7.0	18.0	17.0	43.0	0.0	24.0	84.0	82.0	52.0	187.0	370.0	212.0	200.0	1067.0	3068.0	67522.0
DR1045-E_2_val_2	106.0	86.0	271.0	188.0	54.0	103.0	53.0	775.0	230.0	431.0	338.0	230.0	653.0	391.0	526.0	943.0	83.0	484.0	57.0	521.0	640.0	714.0	231.0	3029.0	10036.0	51895.0
DR1045-H_1_val_1	6.0	10.0	2.0	16.0	23.0	7.0	17.0	16.0	7.0	20.0	20.0	32.0	45.0	119.0	15.0	68.0	92.0	151.0	98.0	259.0	450.0	331.0	380.0	1649.0	3353.0	72442.0
DR1045-H_2_val_2	120.0	112.0	291.0	246.0	47.0	139.0	84.0	1004.0	272.0	463.0	394.0	253.0	774.0	471.0	610.0	969.0	84.0	601.0	52.0	648.0	811.0	813.0	375.0	3388.0	10556.0	56051.0
DR1045-SAH_1_val_1	15.0	22.0	9.0	37.0	37.0	17.0	39.0	34.0	17.0	28.0	35.0	61.0	58.0	134.0	36.0	93.0	157.0	201.0	207.0	492.0	591.0	590.0	718.0	4440.0	5827.0	75717.0
DR1045-SAH_2_val_2	150.0	155.0	419.0	352.0	68.0	192.0	136.0	1026.0	499.0	549.0	452.0	308.0	778.0	592.0	714.0	1198.0	164.0	680.0	67.0	773.0	970.0	1012.0	519.0	3507.0	11562.0	62770.0
DR1046-E_1_val_1	6.0	13.0	1.0	17.0	19.0	12.0	17.0	32.0	7.0	15.0	23.0	34.0	18.0	97.0	6.0	61.0	97.0	127.0	85.0	261.0	477.0	365.0	321.0	1777.0	3896.0	69135.0
DR1046-E_2_val_2	127.0	152.0	332.0	263.0	52.0	174.0	120.0	1275.0	463.0	660.0	558.0	355.0	886.0	614.0	805.0	1105.0	127.0	695.0	40.0	675.0	986.0	920.0	344.0	3523.0	10741.0	50927.0
DR1046-H_1_val_1	5.0	12.0	4.0	12.0	14.0	9.0	19.0	34.0	8.0	21.0	19.0	43.0	40.0	100.0	18.0	61.0	106.0	159.0	160.0	259.0	312.0	451.0	477.0	2282.0	4117.0	70912.0
DR1046-H_2_val_2	143.0	119.0	357.0	310.0	57.0	183.0	107.0	976.0	412.0	500.0	373.0	278.0	802.0	503.0	723.0	1046.0	151.0	634.0	64.0	704.0	882.0	860.0	470.0	3088.0	10264.0	55648.0
DR1046-SAH_1_val_1	6.0	21.0	6.0	23.0	20.0	11.0	28.0	27.0	26.0	27.0	34.0	46.0	66.0	120.0	25.0	72.0	116.0	164.0	145.0	359.0	414.0	544.0	548.0	3698.0	5256.0	77015.0
DR1046-SAH_2_val_2	161.0	172.0	442.0	345.0	83.0	222.0	127.0	1115.0	524.0	553.0	455.0	295.0	913.0	610.0	770.0	1126.0	159.0	686.0	67.0	777.0	1035.0	1041.0	524.0	3444.0	11309.0	61862.0
DR1047-E_1_val_1	4.0	7.0	6.0	25.0	17.0	18.0	27.0	33.0	13.0	35.0	29.0	35.0	40.0	104.0	22.0	93.0	120.0	153.0	157.0	430.0	456.0	456.0	446.0	2476.0	4921.0	69960.0
DR1047-E_2_val_2	192.0	157.0	495.0	415.0	100.0	233.0	126.0	1208.0	488.0	608.0	445.0	343.0	863.0	634.0	727.0	1120.0	163.0	697.0	64.0	711.0	1058.0	948.0	510.0	3438.0	10279.0	54061.0
DR1047-H_1_val_1	1.0	8.0	6.0	25.0	13.0	19.0	26.0	20.0	14.0	33.0	35.0	38.0	33.0	107.0	18.0	91.0	100.0	158.0	157.0	332.0	367.0	451.0	498.0	2429.0	4632.0	69007.0
DR1047-H_2_val_2	206.0	199.0	427.0	405.0	94.0	194.0	140.0	1129.0	526.0	672.0	486.0	327.0	776.0	671.0	769.0	1119.0	248.0	755.0	76.0	779.0	910.0	993.0	579.0	3157.0	9603.0	53378.0
DR1047-SAH_1_val_1	4.0	13.0	4.0	13.0	12.0	22.0	23.0	22.0	20.0	33.0	29.0	44.0	47.0	104.0	25.0	104.0	112.0	181.0	172.0	408.0	421.0	528.0	561.0	3009.0	5264.0	73459.0
DR1047-SAH_2_val_2	202.0	183.0	530.0	484.0	95.0	245.0	149.0	1279.0	620.0	698.0	511.0	393.0	1008.0	739.0	868.0	1313.0	219.0	837.0	67.0	847.0	1059.0	1110.0	604.0	3520.0	10338.0	56716.0
DR1048-E_1_val_1	7.0	3.0	3.0	18.0	21.0	4.0	20.0	23.0	12.0	13.0	20.0	19.0	32.0	80.0	4.0	84.0	86.0	107.0	47.0	254.0	417.0	373.0	332.0	1670.0	3686.0	80075.0
DR1048-E_2_val_2	159.0	149.0	363.0	292.0	65.0	159.0	93.0	1361.0	465.0	743.0	674.0	388.0	1011.0	606.0	869.0	1241.0	100.0	748.0	53.0	753.0	1083.0	1004.0	358.0	3820.0	11804.0	59049.0
DR1048-H_1_val_1	8.0	27.0	3.0	28.0	23.0	24.0	28.0	22.0	15.0	31.0	25.0	39.0	50.0	107.0	17.0	133.0	103.0	192.0	108.0	295.0	379.0	479.0	430.0	1992.0	6689.0	71124.0
DR1048-H_2_val_2	119.0	94.0	343.0	283.0	73.0	147.0	118.0	1016.0	363.0	481.0	374.0	266.0	814.0	472.0	678.0	1110.0	123.0	597.0	71.0	688.0	913.0	981.0	463.0	3328.0	10329.0	58127.0
DR1048-SAH_1_val_1	13.0	20.0	8.0	29.0	30.0	23.0	35.0	30.0	13.0	46.0	35.0	45.0	59.0	152.0	37.0	91.0	127.0	223.0	151.0	455.0	408.0	620.0	597.0	2965.0	6231.0	88928.0
DR1048-SAH_2_val_2	215.0	202.0	610.0	519.0	112.0	292.0	166.0	1616.0	651.0	729.0	644.0	437.0	1161.0	779.0	1010.0	1566.0	202.0	918.0	78.0	1027.0	1345.0	1311.0	636.0	4054.0	12581.0	68510.0
DR1049-E_1_val_1	7.0	16.0	5.0	24.0	28.0	22.0	33.0	48.0	13.0	40.0	32.0	49.0	53.0	129.0	32.0	97.0	147.0	182.0	167.0	436.0	549.0	616.0	588.0	3049.0	7053.0	104019.0
DR1049-E_2_val_2	258.0	215.0	646.0	504.0	158.0	316.0	178.0	1491.0	529.0	767.0	577.0	427.0	1268.0	831.0	1003.0	1744.0	209.0	951.0	93.0	1093.0	1345.0	1428.0	764.0	5154.0	16672.0	78813.0
DR1049-H_1_val_1	13.0	25.0	13.0	40.0	31.0	30.0	34.0	46.0	18.0	46.0	54.0	64.0	89.0	163.0	47.0	120.0	175.0	239.0	223.0	571.0	663.0	670.0	770.0	3950.0	8354.0	92785.0
DR1049-H_2_val_2	280.0	258.0	668.0	572.0	156.0	332.0	207.0	1581.0	706.0	810.0	610.0	456.0	1231.0	943.0	1065.0	1562.0	272.0	1047.0	80.0	1006.0	1304.0	1396.0	861.0	4670.0	13519.0	73641.0
DR1049-SAH_1_val_1	10.0	15.0	10.0	35.0	28.0	18.0	27.0	35.0	17.0	29.0	33.0	55.0	61.0	131.0	29.0	79.0	154.0	163.0	203.0	412.0	612.0	560.0	631.0	3881.0	5791.0	78708.0
DR1049-SAH_2_val_2	186.0	179.0	461.0	370.0	113.0	199.0	112.0	1187.0	619.0	648.0	513.0	362.0	897.0	711.0	824.0	1238.0	237.0	807.0	66.0	871.0	1063.0	1184.0	607.0	3679.0	11193.0	63401.0
E-10_1_val_1	19.0	44.0	16.0	114.0	111.0	22.0	56.0	316.0	33.0	58.0	111.0	121.0	94.0	287.0	10.0	179.0	477.0	597.0	116.0	635.0	1107.0	1097.0	1357.0	6087.0	9025.0	177044.0
E-10_2_val_2	5058.0	1971.0	5072.0	3891.0	556.0	1594.0	1012.0	6684.0	892.0	4482.0	3839.0	2911.0	7334.0	7613.0	5132.0	7875.0	419.0	4495.0	186.0	5923.0	5417.0	5569.0	2598.0	5799.0	33530.0	69281.0
E-1_1_val_1	61.0	72.0	42.0	127.0	110.0	63.0	96.0	91.0	55.0	103.0	116.0	133.0	114.0	338.0	91.0	151.0	406.0	364.0	406.0	740.0	965.0	1558.0	1296.0	3824.0	8712.0	91735.0
E-1_2_val_2	3246.0	2160.0	4046.0	2850.0	623.0	1497.0	972.0	4407.0	1090.0	2830.0	2425.0	1886.0	4428.0	4201.0	2992.0	4408.0	512.0	2504.0	164.0	2970.0	2767.0	2956.0	1656.0	3302.0	18670.0	32207.0
E-2_1_val_1	24.0	35.0	21.0	103.0	58.0	39.0	51.0	80.0	31.0	52.0	63.0	87.0	55.0	223.0	32.0	106.0	327.0	214.0	206.0	531.0	972.0	864.0	906.0	5531.0	6629.0	90403.0
E-2_2_val_2	2788.0	1581.0	3654.0	2676.0	471.0	1240.0	740.0	3426.0	726.0	2182.0	2256.0	1770.0	4489.0	4230.0	3009.0	4386.0	294.0	2567.0	143.0	3272.0	2705.0	3077.0	1558.0	3284.0	19247.0	31872.0
E-3_1_val_1	65.0	111.0	46.0	193.0	116.0	86.0	107.0	111.0	72.0	139.0	126.0	157.0	108.0	464.0	99.0	182.0	671.0	430.0	613.0	984.0	1852.0	1402.0	1849.0	8210.0	12049.0	110451.0
E-3_2_val_2	3539.0	2237.0	4465.0	3316.0	782.0	1868.0	1008.0	4512.0	1305.0	3042.0	2764.0	2136.0	5529.0	5333.0	3870.0	5515.0	637.0	3454.0	226.0	4431.0	3610.0	4219.0	2302.0	4411.0	24757.0	41425.0
E-4_1_val_1	31.0	34.0	35.0	64.0	71.0	35.0	47.0	75.0	28.0	51.0	59.0	63.0	70.0	209.0	36.0	96.0	435.0	177.0	246.0	722.0	1407.0	1113.0	1091.0	4240.0	10945.0	177419.0
E-4_2_val_2	5352.0	2419.0	6534.0	4560.0	927.0	1998.0	1203.0	6592.0	568.0	3830.0	3848.0	3021.0	8068.0	7709.0	5472.0	7921.0	420.0	4980.0	195.0	5994.0	4997.0	6042.0	3052.0	6408.0	36532.0	60157.0
E-5_1_val_1	16.0	13.0	13.0	28.0	49.0	14.0	41.0	29.0	15.0	36.0	33.0	43.0	35.0	127.0	28.0	81.0	200.0	193.0	170.0	368.0	592.0	932.0	664.0	2469.0	6690.0	101639.0
E-5_2_val_2	2974.0	1619.0	3488.0	2352.0	392.0	1362.0	816.0	4135.0	550.0	2377.0	2429.0	1749.0	4702.0	4333.0	2989.0	4303.0	316.0	2653.0	154.0	3337.0	2842.0	3296.0	1700.0	3522.0	20104.0	36024.0
E-6_1_val_1	7.0	8.0	16.0	52.0	29.0	18.0	21.0	42.0	22.0	13.0	27.0	31.0	22.0	72.0	7.0	43.0	202.0	55.0	95.0	372.0	856.0	450.0	571.0	2713.0	5856.0	113972.0
E-6_2_val_2	2778.0	1099.0	3311.0	2392.0	385.0	1267.0	656.0	3551.0	245.0	1883.0	2098.0	1788.0	4621.0	4612.0	3193.0	4845.0	217.0	3061.0	122.0	4080.0	3326.0	4077.0	2187.0	4345.0	24150.0	41283.0
E-7_1_val_1	10.0	22.0	13.0	47.0	45.0	23.0	28.0	143.0	18.0	28.0	58.0	77.0	48.0	151.0	5.0	90.0	195.0	367.0	83.0	416.0	603.0	590.0	832.0	7824.0	5269.0	106623.0
E-7_2_val_2	3410.0	1442.0	3344.0	2599.0	315.0	1152.0	734.0	4462.0	649.0	2961.0	2425.0	1749.0	4957.0	4767.0	3060.0	4713.0	220.0	2792.0	114.0	3451.0	3270.0	3257.0	1649.0	3500.0	21060.0	41556.0
E-8_1_val_1	31.0	40.0	27.0	89.0	53.0	53.0	72.0	67.0	17.0	70.0	60.0	86.0	67.0	219.0	59.0	119.0	295.0	289.0	236.0	541.0	885.0	949.0	1153.0	3739.0	8943.0	100849.0
E-8_2_val_2	2962.0	1821.0	3523.0	2632.0	617.0	1464.0	865.0	4253.0	1125.0	2794.0	2454.0	1838.0	4545.0	4531.0	3209.0	4536.0	514.0	2798.0	135.0	3462.0	3210.0	3188.0	1632.0	3483.0	19607.0	37810.0
E-9_1_val_1	8.0	30.0	11.0	55.0	60.0	38.0	40.0	128.0	30.0	38.0	50.0	74.0	55.0	175.0	25.0	106.0	322.0	285.0	193.0	599.0	1086.0	1040.0	1064.0	4516.0	9875.0	141362.0
E-9_2_val_2	4506.0	2031.0	4583.0	3343.0	339.0	1996.0	1063.0	6359.0	688.0	3690.0	3457.0	2610.0	6552.0	5964.0	4349.0	6313.0	371.0	3744.0	157.0	4495.0	4151.0	4467.0	2138.0	4949.0	28080.0	50870.0
H-10_1_val_1	9.0	13.0	16.0	47.0	53.0	33.0	35.0	30.0	18.0	46.0	48.0	66.0	30.0	183.0	24.0	65.0	440.0	71.0	213.0	688.0	1441.0	1406.0	1142.0	4452.0	7560.0	193522.0
H-10_2_val_2	4704.0	1838.0	5404.0	3722.0	399.0	2795.0	1401.0	5535.0	920.0	3722.0	4590.0	3243.0	8659.0	8294.0	5633.0	8371.0	405.0	5250.0	279.0	7124.0	5814.0	6814.0	3242.0	7104.0	39615.0	66774.0
H-1_1_val_1	32.0	49.0	35.0	122.0	93.0	73.0	100.0	82.0	52.0	88.0	95.0	128.0	120.0	350.0	114.0	175.0	531.0	492.0	562.0	822.0	1255.0	1725.0	1725.0	5332.0	13633.0	163522.0
H-1_2_val_2	4477.0	3220.0	6144.0	4398.0	1025.0	2270.0	1349.0	6744.0	2056.0	4318.0	3834.0	2805.0	6680.0	6735.0	4868.0	6921.0	919.0	4227.0	248.0	5469.0	4866.0	5093.0	2790.0	5775.0	32035.0	62041.0
H-2_1_val_1	66.0	76.0	44.0	148.0	130.0	61.0	89.0	84.0	69.0	92.0	102.0	159.0	138.0	351.0	97.0	197.0	517.0	481.0	475.0	827.0	1159.0	1738.0	1566.0	5273.0	11557.0	177324.0
H-2_2_val_2	5690.0	3684.0	7497.0	5316.0	1177.0	2627.0	1572.0	8300.0	2010.0	5031.0	4360.0	3217.0	7496.0	7447.0	5226.0	8051.0	927.0	4606.0	406.0	5462.0	4887.0	5461.0	2889.0	5929.0	33860.0	59692.0
H-3_1_val_1	33.0	29.0	12.0	70.0	54.0	32.0	43.0	53.0	34.0	51.0	45.0	87.0	63.0	178.0	59.0	104.0	238.0	247.0	231.0	393.0	641.0	718.0	865.0	2694.0	5804.0	69246.0
H-3_2_val_2	3706.0	1987.0	4197.0	3040.0	659.0	1535.0	833.0	3657.0	945.0	2098.0	2044.0	1536.0	3617.0	2992.0	2319.0	2883.0	302.0	1678.0	90.0	1636.0	1825.0	1838.0	1017.0	2088.0	13847.0	19655.0
H-4_1_val_1	19.0	24.0	16.0	28.0	40.0	29.0	44.0	34.0	16.0	35.0	35.0	54.0	43.0	157.0	54.0	88.0	237.0	251.0	289.0	404.0	609.0	861.0	863.0	2550.0	7575.0	117260.0
H-4_2_val_2	3776.0	2205.0	4691.0	3293.0	723.0	1545.0	984.0	5036.0	1204.0	3021.0	2705.0	2219.0	5011.0	4596.0	3406.0	4694.0	394.0	2823.0	166.0	3357.0	3238.0	3209.0	1738.0	3758.0	22616.0	41207.0
H-5_1_val_1	29.0	38.0	28.0	96.0	65.0	27.0	61.0	62.0	21.0	54.0	53.0	60.0	84.0	218.0	50.0	107.0	369.0	271.0	265.0	523.0	756.0	1292.0	921.0	3000.0	8412.0	112620.0
H-5_2_val_2	3613.0	1933.0	4479.0	3087.0	548.0	1423.0	923.0	4632.0	648.0	2551.0	2624.0	1913.0	5018.0	4803.0	3512.0	5111.0	351.0	3086.0	151.0	3938.0	3192.0	3951.0	2041.0	4155.0	23292.0	38507.0
H-6_1_val_1	39.0	39.0	25.0	78.0	68.0	40.0	84.0	71.0	42.0	92.0	58.0	107.0	82.0	266.0	65.0	158.0	353.0	345.0	319.0	721.0	988.0	1290.0	1362.0	4580.0	11466.0	130611.0
H-6_2_val_2	3641.0	2498.0	5054.0	3520.0	807.0	1693.0	1065.0	5412.0	1426.0	3512.0	3084.0	2271.0	5539.0	5553.0	3986.0	5686.0	695.0	3407.0	187.0	4422.0	3950.0	4239.0	2177.0	4610.0	25494.0	49421.0
H-7_1_val_1	20.0	39.0	20.0	89.0	64.0	38.0	63.0	66.0	30.0	59.0	65.0	89.0	67.0	244.0	46.0	147.0	304.0	225.0	278.0	655.0	988.0	940.0	1235.0	7753.0	11302.0	134032.0
H-7_2_val_2	4287.0	2212.0	5407.0	3949.0	842.0	1941.0	1147.0	5667.0	1387.0	3272.0	2918.0	2506.0	6897.0	6094.0	4227.0	6282.0	633.0	3630.0	358.0	4609.0	4215.0	4500.0	2280.0	4892.0	28601.0	46105.0
H-8_1_val_1	59.0	85.0	25.0	156.0	151.0	55.0	143.0	119.0	47.0	103.0	100.0	151.0	154.0	451.0	102.0	219.0	457.0	560.0	372.0	799.0	1281.0	1440.0	1738.0	5501.0	11701.0	132017.0
H-8_2_val_2	3181.0	2452.0	4822.0	3502.0	838.0	1654.0	1072.0	5527.0	1630.0	3902.0	3104.0	2364.0	5539.0	5753.0	4089.0	5925.0	821.0	3605.0	176.0	4566.0	4400.0	4160.0	2115.0	4412.0	24871.0	53506.0
H-9_1_val_1	31.0	39.0	25.0	113.0	83.0	38.0	74.0	85.0	15.0	59.0	69.0	89.0	62.0	229.0	40.0	157.0	316.0	246.0	303.0	506.0	1032.0	1110.0	995.0	3710.0	11516.0	129763.0
H-9_2_val_2	4848.0	2355.0	5450.0	3732.0	649.0	1878.0	1164.0	5988.0	820.0	3629.0	3348.0	2565.0	6614.0	6076.0	4470.0	6327.0	401.0	3709.0	182.0	4470.0	3887.0	4256.0	2191.0	4657.0	26160.0	40879.0
SAH-10_1_val_1	63.0	72.0	36.0	165.0	108.0	69.0	125.0	86.0	49.0	116.0	118.0	163.0	137.0	398.0	114.0	214.0	576.0	552.0	567.0	1061.0	1187.0	1987.0	1763.0	5354.0	13180.0	136046.0
SAH-10_2_val_2	3986.0	2759.0	5530.0	3690.0	815.0	1925.0	1280.0	5970.0	1313.0	3734.0	3326.0	2523.0	5957.0	5794.0	4372.0	6158.0	725.0	3754.0	161.0	4603.0	4109.0	4405.0	2547.0	4957.0	27603.0	52310.0
SAH-1_1_val_1	48.0	50.0	22.0	101.0	68.0	35.0	59.0	60.0	48.0	87.0	89.0	125.0	108.0	280.0	72.0	144.0	365.0	363.0	367.0	668.0	964.0	1263.0	1398.0	5118.0	11333.0	136948.0
SAH-1_2_val_2	3587.0	2702.0	5243.0	3774.0	933.0	1858.0	1176.0	5551.0	1862.0	4109.0	3218.0	2470.0	5339.0	5714.0	4006.0	5965.0	913.0	3557.0	175.0	4324.0	4128.0	4049.0	2252.0	4635.0	25171.0	53472.0
SAH-2_1_val_1	65.0	65.0	29.0	123.0	88.0	62.0	104.0	93.0	77.0	105.0	99.0	164.0	118.0	344.0	115.0	189.0	491.0	503.0	486.0	846.0	1138.0	1751.0	1583.0	5933.0	12695.0	173921.0
SAH-2_2_val_2	6295.0	3993.0	8064.0	5786.0	1343.0	2779.0	1740.0	8520.0	2262.0	5641.0	4745.0	3465.0	7424.0	7311.0	5170.0	7741.0	916.0	4206.0	374.0	4730.0	4647.0	4938.0	2651.0	5536.0	32390.0	58520.0
SAH-3_1_val_1	91.0	153.0	52.0	296.0	182.0	104.0	163.0	195.0	96.0	207.0	168.0	279.0	209.0	582.0	157.0	350.0	730.0	775.0	694.0	1173.0	1761.0	1962.0	2099.0	7081.0	12762.0	106650.0
SAH-3_2_val_2	3441.0	2462.0	4725.0	3540.0	946.0	1758.0	1033.0	4708.0	1562.0	3443.0	2884.0	2126.0	4972.0	5050.0	3870.0	5379.0	724.0	3281.0	142.0	3940.0	3655.0	3654.0	2092.0	4011.0	22023.0	43550.0
SAH-4_1_val_1	61.0	49.0	39.0	121.0	108.0	57.0	96.0	89.0	44.0	88.0	103.0	145.0	121.0	408.0	104.0	181.0	406.0	440.0	390.0	772.0	1062.0	1421.0	1619.0	4881.0	12589.0	144507.0
SAH-4_2_val_2	4377.0	2940.0	6023.0	4335.0	1067.0	2125.0	1254.0	6340.0	1997.0	3966.0	3511.0	2552.0	6325.0	6168.0	4611.0	6571.0	836.0	3831.0	183.0	4851.0	4399.0	4531.0	2422.0	4756.0	27378.0	52552.0
SAH-5_1_val_1	37.0	52.0	28.0	99.0	90.0	39.0	94.0	65.0	35.0	75.0	88.0	104.0	112.0	316.0	75.0	142.0	403.0	477.0	386.0	692.0	905.0	1528.0	1433.0	4568.0	12153.0	152867.0
SAH-5_2_val_2	4514.0	2966.0	6165.0	4134.0	901.0	2083.0	1355.0	6786.0	1864.0	3928.0	3584.0	2575.0	6516.0	6206.0	4558.0	6626.0	752.0	3914.0	196.0	4963.0	4427.0	4859.0	2577.0	5332.0	28898.0	56184.0
SAH-6_1_val_1	69.0	64.0	38.0	139.0	93.0	64.0	104.0	102.0	73.0	108.0	105.0	120.0	114.0	364.0	93.0	178.0	472.0	472.0	427.0	875.0	1302.0	1517.0	1714.0	6244.0	12876.0	125985.0
SAH-6_2_val_2	4256.0	3069.0	5589.0	3970.0	1075.0	1982.0	1288.0	5801.0	1796.0	3939.0	3375.0	2576.0	5783.0	5599.0	4100.0	5771.0	802.0	3355.0	179.0	4118.0	3795.0	3987.0	2262.0	4265.0	24392.0	46588.0
SAH-7_1_val_1	98.0	130.0	66.0	241.0	165.0	131.0	169.0	160.0	105.0	174.0	175.0	262.0	234.0	645.0	186.0	348.0	722.0	719.0	620.0	1234.0	1762.0	1868.0	2425.0	7906.0	14550.0	110301.0
SAH-7_2_val_2	3998.0	2836.0	5273.0	4076.0	1085.0	1934.0	1217.0	5157.0	2014.0	3683.0	3318.0	2224.0	5615.0	5486.0	4104.0	5562.0	836.0	3387.0	154.0	3831.0	3813.0	3615.0	1959.0	3788.0	23017.0	43414.0
SAH-8_1_val_1	77.0	105.0	37.0	201.0	110.0	96.0	151.0	115.0	92.0	160.0	167.0	197.0	210.0	532.0	151.0	312.0	658.0	633.0	600.0	1204.0	1954.0	1776.0	2568.0	9116.0	18436.0	155892.0
SAH-8_2_val_2	4728.0	3718.0	6523.0	4994.0	1515.0	2248.0	1542.0	6661.0	2772.0	5825.0	4371.0	3259.0	6644.0	7079.0	5254.0	7416.0	1431.0	4430.0	203.0	5278.0	5151.0	4971.0	2804.0	5222.0	29569.0	61942.0
SAH-9_1_val_1	41.0	41.0	29.0	83.0	69.0	38.0	74.0	66.0	36.0	96.0	74.0	98.0	86.0	230.0	82.0	129.0	388.0	331.0	357.0	711.0	997.0	1237.0	1445.0	6186.0	11559.0	124578.0
SAH-9_2_val_2	3711.0	2602.0	4971.0	3691.0	855.0	1873.0	1111.0	5224.0	1554.0	3453.0	3196.0	2434.0	5324.0	5317.0	3832.0	5491.0	780.0	3352.0	220.0	4032.0	3870.0	4041.0	2301.0	4479.0	24824.0	46523.0
