	17.0	18.0	19.0	20.0	21.0	22.0	23.0	24.0	25.0	26.0	27.0	28.0	29.0	30.0	31.0	32.0	33.0	34.0	35.0	36.0	37.0
DR1014-E_1_val_1	2.0	1.0	2.0	18.0	26.0	75.0	169.0	267.0	406.0	528.0	668.0	852.0	1000.0	1238.0	1498.0	2044.0	2889.0	4093.0	6797.0	13460.0	41029.0
	12.0	13.0	14.0	15.0	16.0	17.0	18.0	19.0	20.0	21.0	22.0	23.0	24.0	25.0	26.0	27.0	28.0	29.0	30.0	31.0	32.0	33.0	34.0	35.0	36.0	37.0
DR1014-E_2_val_2	1.0	6.0	36.0	67.0	82.0	87.0	75.0	101.0	151.0	172.0	220.0	317.0	480.0	639.0	971.0	1388.0	2198.0	3409.0	5007.0	7309.0	9940.0	12850.0	15364.0	12947.0	3226.0	19.0
	17.0	18.0	19.0	20.0	21.0	22.0	23.0	24.0	25.0	26.0	27.0	28.0	29.0	30.0	31.0	32.0	33.0	34.0	35.0	36.0	37.0
DR1014-SAH_1_val_1	1.0	1.0	17.0	32.0	84.0	276.0	559.0	854.0	1112.0	1316.0	1453.0	1762.0	1976.0	2281.0	2651.0	3390.0	4419.0	6255.0	9750.0	18860.0	48751.0
	13.0	14.0	15.0	16.0	17.0	18.0	19.0	20.0	21.0	22.0	23.0	24.0	25.0	26.0	27.0	28.0	29.0	30.0	31.0	32.0	33.0	34.0	35.0	36.0	37.0
DR1014-SAH_2_val_2	26.0	98.0	96.0	88.0	101.0	120.0	185.0	215.0	293.0	343.0	470.0	659.0	1019.0	1483.0	2060.0	3406.0	5209.0	7551.0	10502.0	14062.0	17266.0	19327.0	16113.0	5049.0	59.0
	17.0	18.0	19.0	20.0	21.0	22.0	23.0	24.0	25.0	26.0	27.0	28.0	29.0	30.0	31.0	32.0	33.0	34.0	35.0	36.0	37.0
DR1015-SAH_1_val_1	1.0	0.0	7.0	18.0	33.0	99.0	220.0	377.0	579.0	718.0	916.0	1072.0	1331.0	1628.0	1974.0	2619.0	3577.0	5147.0	8179.0	15793.0	36413.0
	12.0	13.0	14.0	15.0	16.0	17.0	18.0	19.0	20.0	21.0	22.0	23.0	24.0	25.0	26.0	27.0	28.0	29.0	30.0	31.0	32.0	33.0	34.0	35.0	36.0	37.0
DR1015-SAH_2_val_2	2.0	22.0	75.0	66.0	52.0	74.0	97.0	127.0	156.0	184.0	267.0	397.0	505.0	716.0	1114.0	1749.0	2658.0	4314.0	6302.0	8838.0	11724.0	14052.0	14819.0	10169.0	2203.0	19.0
	20.0	21.0	22.0	23.0	24.0	25.0	26.0	27.0	28.0	29.0	30.0	31.0	32.0	33.0	34.0	35.0	36.0	37.0
DR1018-E_1_val_1	8.0	11.0	42.0	92.0	159.0	208.0	288.0	316.0	395.0	448.0	575.0	692.0	874.0	1226.0	1713.0	2749.0	5480.0	16585.0
	13.0	14.0	15.0	16.0	17.0	18.0	19.0	20.0	21.0	22.0	23.0	24.0	25.0	26.0	27.0	28.0	29.0	30.0	31.0	32.0	33.0	34.0	35.0	36.0	37.0
DR1018-E_2_val_2	13.0	46.0	41.0	37.0	52.0	48.0	58.0	90.0	120.0	139.0	171.0	234.0	369.0	482.0	644.0	985.0	1463.0	2069.0	3131.0	4001.0	5088.0	5849.0	5100.0	1623.0	8.0
	18.0	19.0	20.0	21.0	22.0	23.0	24.0	25.0	26.0	27.0	28.0	29.0	30.0	31.0	32.0	33.0	34.0	35.0	36.0	37.0
DR1018-SAH_1_val_1	5.0	6.0	22.0	69.0	144.0	414.0	665.0	851.0	1123.0	1319.0	1550.0	1838.0	2122.0	2673.0	3390.0	4338.0	6164.0	9973.0	19049.0	44078.0
	12.0	13.0	14.0	15.0	16.0	17.0	18.0	19.0	20.0	21.0	22.0	23.0	24.0	25.0	26.0	27.0	28.0	29.0	30.0	31.0	32.0	33.0	34.0	35.0	36.0	37.0
DR1018-SAH_2_val_2	3.0	50.0	108.0	84.0	62.0	75.0	91.0	148.0	180.0	258.0	326.0	395.0	613.0	946.0	1393.0	2083.0	3282.0	5263.0	7694.0	10966.0	14424.0	17584.0	18510.0	12474.0	2766.0	15.0
	18.0	19.0	20.0	21.0	22.0	23.0	24.0	25.0	26.0	27.0	28.0	29.0	30.0	31.0	32.0	33.0	34.0	35.0	36.0	37.0
DR1019-E_1_val_1	2.0	14.0	19.0	70.0	125.0	287.0	414.0	614.0	813.0	821.0	954.0	1206.0	1339.0	1614.0	1989.0	2687.0	3873.0	6140.0	12172.0	32153.0
	12.0	13.0	14.0	15.0	16.0	17.0	18.0	19.0	20.0	21.0	22.0	23.0	24.0	25.0	26.0	27.0	28.0	29.0	30.0	31.0	32.0	33.0	34.0	35.0	36.0	37.0
DR1019-E_2_val_2	3.0	27.0	73.0	62.0	69.0	78.0	92.0	149.0	188.0	229.0	279.0	424.0	582.0	787.0	1076.0	1601.0	2342.0	3478.0	4934.0	6827.0	8737.0	11043.0	12010.0	9431.0	2761.0	24.0
	18.0	19.0	20.0	21.0	22.0	23.0	24.0	25.0	26.0	27.0	28.0	29.0	30.0	31.0	32.0	33.0	34.0	35.0	36.0	37.0
DR1019-SAH_1_val_1	4.0	7.0	15.0	53.0	153.0	324.0	537.0	711.0	872.0	1109.0	1321.0	1518.0	1659.0	2245.0	2637.0	3646.0	4990.0	7741.0	15576.0	42734.0
	13.0	14.0	15.0	16.0	17.0	18.0	19.0	20.0	21.0	22.0	23.0	24.0	25.0	26.0	27.0	28.0	29.0	30.0	31.0	32.0	33.0	34.0	35.0	36.0	37.0
DR1019-SAH_2_val_2	13.0	65.0	118.0	98.0	93.0	97.0	150.0	171.0	233.0	328.0	449.0	613.0	804.0	1195.0	1853.0	2725.0	4323.0	6322.0	8874.0	11933.0	14812.0	16158.0	12753.0	3637.0	35.0
	17.0	18.0	19.0	20.0	21.0	22.0	23.0	24.0	25.0	26.0	27.0	28.0	29.0	30.0	31.0	32.0	33.0	34.0	35.0	36.0	37.0
DR1020-SAH_1_val_1	2.0	6.0	10.0	18.0	45.0	158.0	353.0	537.0	791.0	976.0	1157.0	1316.0	1610.0	1784.0	2204.0	2802.0	3797.0	5088.0	8195.0	15620.0	39558.0
	12.0	13.0	14.0	15.0	16.0	17.0	18.0	19.0	20.0	21.0	22.0	23.0	24.0	25.0	26.0	27.0	28.0	29.0	30.0	31.0	32.0	33.0	34.0	35.0	36.0	37.0
DR1020-SAH_2_val_2	1.0	19.0	88.0	104.0	92.0	87.0	127.0	150.0	198.0	226.0	286.0	386.0	582.0	837.0	1189.0	1944.0	2881.0	4504.0	6549.0	9243.0	11973.0	14776.0	15632.0	11364.0	2764.0	25.0
	17.0	18.0	19.0	20.0	21.0	22.0	23.0	24.0	25.0	26.0	27.0	28.0	29.0	30.0	31.0	32.0	33.0	34.0	35.0	36.0	37.0
DR1021-SAH_1_val_1	1.0	5.0	9.0	31.0	44.0	134.0	346.0	560.0	760.0	1064.0	1231.0	1523.0	1747.0	2085.0	2498.0	3288.0	4147.0	5932.0	9530.0	18392.0	46043.0
	12.0	13.0	14.0	15.0	16.0	17.0	18.0	19.0	20.0	21.0	22.0	23.0	24.0	25.0	26.0	27.0	28.0	29.0	30.0	31.0	32.0	33.0	34.0	35.0	36.0	37.0
DR1021-SAH_2_val_2	4.0	25.0	94.0	102.0	87.0	90.0	112.0	126.0	184.0	242.0	339.0	428.0	600.0	869.0	1298.0	1962.0	3080.0	4822.0	7251.0	10128.0	13938.0	17483.0	18542.0	14070.0	3462.0	32.0
	18.0	19.0	20.0	21.0	22.0	23.0	24.0	25.0	26.0	27.0	28.0	29.0	30.0	31.0	32.0	33.0	34.0	35.0	36.0	37.0
DR1025-E_1_val_1	2.0	4.0	14.0	32.0	92.0	224.0	358.0	512.0	665.0	806.0	932.0	1098.0	1309.0	1669.0	2164.0	2829.0	4111.0	6486.0	12647.0	30632.0
	13.0	14.0	15.0	16.0	17.0	18.0	19.0	20.0	21.0	22.0	23.0	24.0	25.0	26.0	27.0	28.0	29.0	30.0	31.0	32.0	33.0	34.0	35.0	36.0	37.0
DR1025-E_2_val_2	13.0	58.0	86.0	50.0	82.0	86.0	134.0	186.0	248.0	310.0	398.0	541.0	752.0	1100.0	1532.0	2413.0	3365.0	4990.0	6796.0	8900.0	10915.0	11873.0	9118.0	2609.0	31.0
	18.0	19.0	20.0	21.0	22.0	23.0	24.0	25.0	26.0	27.0	28.0	29.0	30.0	31.0	32.0	33.0	34.0	35.0	36.0	37.0
DR1025-SAH_1_val_1	2.0	16.0	19.0	54.0	170.0	394.0	611.0	845.0	1136.0	1379.0	1681.0	1886.0	2239.0	2767.0	3522.0	4512.0	6371.0	9747.0	18602.0	51388.0
	12.0	13.0	14.0	15.0	16.0	17.0	18.0	19.0	20.0	21.0	22.0	23.0	24.0	25.0	26.0	27.0	28.0	29.0	30.0	31.0	32.0	33.0	34.0	35.0	36.0	37.0
DR1025-SAH_2_val_2	4.0	28.0	98.0	109.0	79.0	76.0	110.0	154.0	194.0	307.0	346.0	441.0	626.0	972.0	1418.0	2131.0	3397.0	5301.0	7900.0	11259.0	15147.0	18425.0	20014.0	15057.0	3714.0	34.0
	18.0	19.0	20.0	21.0	22.0	23.0	24.0	25.0	26.0	27.0	28.0	29.0	30.0	31.0	32.0	33.0	34.0	35.0	36.0	37.0
DR1027-E_1_val_1	3.0	10.0	25.0	64.0	187.0	354.0	562.0	721.0	830.0	977.0	1122.0	1327.0	1609.0	1837.0	2474.0	3197.0	4205.0	6717.0	12952.0	37953.0
	12.0	13.0	14.0	15.0	16.0	17.0	18.0	19.0	20.0	21.0	22.0	23.0	24.0	25.0	26.0	27.0	28.0	29.0	30.0	31.0	32.0	33.0	34.0	35.0	36.0	37.0
DR1027-E_2_val_2	1.0	15.0	63.0	61.0	49.0	88.0	119.0	190.0	196.0	312.0	374.0	502.0	687.0	889.0	1244.0	1727.0	2690.0	3866.0	5462.0	7287.0	9444.0	11736.0	13407.0	12163.0	4503.0	51.0
	17.0	18.0	19.0	20.0	21.0	22.0	23.0	24.0	25.0	26.0	27.0	28.0	29.0	30.0	31.0	32.0	33.0	34.0	35.0	36.0	37.0
DR1027-H_1_val_1	1.0	2.0	19.0	18.0	74.0	255.0	540.0	831.0	1125.0	1410.0	1650.0	1979.0	2268.0	2788.0	3390.0	4297.0	5702.0	8061.0	12797.0	24804.0	51755.0
	13.0	14.0	15.0	16.0	17.0	18.0	19.0	20.0	21.0	22.0	23.0	24.0	25.0	26.0	27.0	28.0	29.0	30.0	31.0	32.0	33.0	34.0	35.0	36.0	37.0
DR1027-H_2_val_2	20.0	101.0	171.0	139.0	108.0	136.0	173.0	224.0	279.0	377.0	565.0	696.0	979.0	1441.0	2242.0	3420.0	5289.0	8089.0	11823.0	16129.0	20775.0	23925.0	20345.0	6243.0	77.0
	18.0	19.0	20.0	21.0	22.0	23.0	24.0	25.0	26.0	27.0	28.0	29.0	30.0	31.0	32.0	33.0	34.0	35.0	36.0	37.0
DR1027-SAH_1_val_1	4.0	10.0	16.0	43.0	143.0	310.0	496.0	706.0	899.0	1085.0	1350.0	1608.0	1770.0	2271.0	2751.0	3811.0	5477.0	8422.0	16643.0	41999.0
	12.0	13.0	14.0	15.0	16.0	17.0	18.0	19.0	20.0	21.0	22.0	23.0	24.0	25.0	26.0	27.0	28.0	29.0	30.0	31.0	32.0	33.0	34.0	35.0	36.0	37.0
DR1027-SAH_2_val_2	2.0	25.0	68.0	52.0	62.0	56.0	71.0	102.0	153.0	184.0	242.0	317.0	453.0	657.0	1008.0	1609.0	2529.0	3835.0	6034.0	8664.0	12099.0	15664.0	17491.0	14127.0	4259.0	51.0
	18.0	19.0	20.0	21.0	22.0	23.0	24.0	25.0	26.0	27.0	28.0	29.0	30.0	31.0	32.0	33.0	34.0	35.0	36.0	37.0
DR1028-SAH_1_val_1	3.0	11.0	26.0	72.0	221.0	430.0	634.0	790.0	1026.0	1171.0	1322.0	1554.0	1882.0	2339.0	3024.0	4017.0	6140.0	9485.0	18084.0	28889.0
	11.0	12.0	13.0	14.0	15.0	16.0	17.0	18.0	19.0	20.0	21.0	22.0	23.0	24.0	25.0	26.0	27.0	28.0	29.0	30.0	31.0	32.0	33.0	34.0	35.0	36.0	37.0
DR1028-SAH_2_val_2	1.0	0.0	22.0	83.0	99.0	70.0	66.0	74.0	117.0	141.0	186.0	234.0	338.0	459.0	661.0	989.0	1455.0	2270.0	3639.0	5509.0	8003.0	11262.0	14361.0	15486.0	12108.0	3453.0	34.0
	17.0	18.0	19.0	20.0	21.0	22.0	23.0	24.0	25.0	26.0	27.0	28.0	29.0	30.0	31.0	32.0	33.0	34.0	35.0	36.0	37.0
DR1029-SAH_1_val_1	1.0	3.0	6.0	18.0	59.0	177.0	377.0	625.0	861.0	1044.0	1270.0	1379.0	1624.0	1909.0	2190.0	2911.0	3639.0	5170.0	8104.0	15838.0	40449.0
	12.0	13.0	14.0	15.0	16.0	17.0	18.0	19.0	20.0	21.0	22.0	23.0	24.0	25.0	26.0	27.0	28.0	29.0	30.0	31.0	32.0	33.0	34.0	35.0	36.0	37.0
DR1029-SAH_2_val_2	1.0	14.0	76.0	88.0	78.0	102.0	113.0	140.0	211.0	226.0	349.0	416.0	570.0	844.0	1344.0	2010.0	3031.0	4627.0	6764.0	9369.0	12382.0	14979.0	15453.0	11385.0	3055.0	27.0
	17.0	18.0	19.0	20.0	21.0	22.0	23.0	24.0	25.0	26.0	27.0	28.0	29.0	30.0	31.0	32.0	33.0	34.0	35.0	36.0	37.0
DR1030-E_1_val_1	1.0	5.0	9.0	17.0	39.0	120.0	253.0	415.0	589.0	738.0	826.0	1002.0	1191.0	1424.0	1824.0	2283.0	3200.0	4686.0	7486.0	14159.0	43168.0
	12.0	13.0	14.0	15.0	16.0	17.0	18.0	19.0	20.0	21.0	22.0	23.0	24.0	25.0	26.0	27.0	28.0	29.0	30.0	31.0	32.0	33.0	34.0	35.0	36.0	37.0
DR1030-E_2_val_2	2.0	5.0	50.0	76.0	59.0	75.0	97.0	136.0	163.0	239.0	262.0	378.0	493.0	644.0	966.0	1413.0	2170.0	3407.0	4946.0	7418.0	10188.0	13390.0	16052.0	15543.0	5216.0	47.0
	17.0	18.0	19.0	20.0	21.0	22.0	23.0	24.0	25.0	26.0	27.0	28.0	29.0	30.0	31.0	32.0	33.0	34.0	35.0	36.0	37.0
DR1030-SAH_1_val_1	1.0	2.0	9.0	15.0	53.0	168.0	352.0	569.0	711.0	970.0	1078.0	1275.0	1484.0	1729.0	2045.0	2677.0	3487.0	4948.0	7689.0	15192.0	37636.0
	13.0	14.0	15.0	16.0	17.0	18.0	19.0	20.0	21.0	22.0	23.0	24.0	25.0	26.0	27.0	28.0	29.0	30.0	31.0	32.0	33.0	34.0	35.0	36.0	37.0
DR1030-SAH_2_val_2	34.0	86.0	69.0	51.0	57.0	90.0	120.0	143.0	170.0	237.0	348.0	450.0	716.0	1056.0	1566.0	2588.0	3993.0	5954.0	8467.0	11364.0	14292.0	15584.0	11681.0	2956.0	18.0
	17.0	18.0	19.0	20.0	21.0	22.0	23.0	24.0	25.0	26.0	27.0	28.0	29.0	30.0	31.0	32.0	33.0	34.0	35.0	36.0	37.0
DR1034-SAH_1_val_1	2.0	2.0	7.0	19.0	48.0	154.0	298.0	557.0	746.0	861.0	1124.0	1239.0	1466.0	1716.0	2125.0	2640.0	3571.0	4820.0	7709.0	14946.0	38555.0
	12.0	13.0	14.0	15.0	16.0	17.0	18.0	19.0	20.0	21.0	22.0	23.0	24.0	25.0	26.0	27.0	28.0	29.0	30.0	31.0	32.0	33.0	34.0	35.0	36.0	37.0
DR1034-SAH_2_val_2	1.0	16.0	52.0	72.0	70.0	73.0	77.0	110.0	161.0	215.0	274.0	351.0	493.0	732.0	1142.0	1676.0	2607.0	4218.0	6234.0	8700.0	11689.0	14094.0	14948.0	11411.0	3155.0	34.0
	17.0	18.0	19.0	20.0	21.0	22.0	23.0	24.0	25.0	26.0	27.0	28.0	29.0	30.0	31.0	32.0	33.0	34.0	35.0	36.0	37.0
DR1035-E_1_val_1	1.0	3.0	12.0	11.0	46.0	120.0	317.0	471.0	613.0	874.0	1014.0	1136.0	1452.0	1665.0	2168.0	2776.0	3403.0	5013.0	7913.0	15206.0	42386.0
	13.0	14.0	15.0	16.0	17.0	18.0	19.0	20.0	21.0	22.0	23.0	24.0	25.0	26.0	27.0	28.0	29.0	30.0	31.0	32.0	33.0	34.0	35.0	36.0	37.0
DR1035-E_2_val_2	8.0	54.0	107.0	101.0	83.0	110.0	123.0	171.0	258.0	319.0	417.0	571.0	811.0	1182.0	1677.0	2584.0	3852.0	5660.0	8128.0	11015.0	14056.0	16279.0	14383.0	4604.0	47.0
	16.0	17.0	18.0	19.0	20.0	21.0	22.0	23.0	24.0	25.0	26.0	27.0	28.0	29.0	30.0	31.0	32.0	33.0	34.0	35.0	36.0	37.0
DR1035-H_1_val_1	1.0	2.0	0.0	9.0	22.0	46.0	206.0	382.0	615.0	887.0	1091.0	1291.0	1505.0	1852.0	2071.0	2601.0	3234.0	4101.0	5775.0	9241.0	17994.0	48995.0
	13.0	14.0	15.0	16.0	17.0	18.0	19.0	20.0	21.0	22.0	23.0	24.0	25.0	26.0	27.0	28.0	29.0	30.0	31.0	32.0	33.0	34.0	35.0	36.0	37.0
DR1035-H_2_val_2	15.0	83.0	134.0	112.0	87.0	123.0	160.0	216.0	254.0	344.0	493.0	608.0	935.0	1373.0	2052.0	3063.0	4770.0	6869.0	9851.0	13424.0	17089.0	19419.0	15911.0	4497.0	39.0
	18.0	19.0	20.0	21.0	22.0	23.0	24.0	25.0	26.0	27.0	28.0	29.0	30.0	31.0	32.0	33.0	34.0	35.0	36.0	37.0
DR1035-SAH_1_val_1	2.0	13.0	22.0	69.0	211.0	429.0	636.0	805.0	1010.0	1240.0	1409.0	1615.0	1949.0	2361.0	3041.0	4013.0	5740.0	8940.0	17641.0	41977.0
	12.0	13.0	14.0	15.0	16.0	17.0	18.0	19.0	20.0	21.0	22.0	23.0	24.0	25.0	26.0	27.0	28.0	29.0	30.0	31.0	32.0	33.0	34.0	35.0	36.0	37.0
DR1035-SAH_2_val_2	1.0	15.0	58.0	87.0	75.0	50.0	84.0	96.0	156.0	201.0	240.0	322.0	483.0	636.0	1053.0	1582.0	2376.0	3834.0	5834.0	8501.0	12041.0	15478.0	18283.0	16120.0	5456.0	61.0
	16.0	17.0	18.0	19.0	20.0	21.0	22.0	23.0	24.0	25.0	26.0	27.0	28.0	29.0	30.0	31.0	32.0	33.0	34.0	35.0	36.0	37.0
DR1036-SAH_1_val_1	1.0	0.0	3.0	17.0	20.0	110.0	272.0	580.0	752.0	914.0	1048.0	1270.0	1453.0	1611.0	2011.0	2427.0	3023.0	4131.0	5963.0	9131.0	16718.0	24632.0
	12.0	13.0	14.0	15.0	16.0	17.0	18.0	19.0	20.0	21.0	22.0	23.0	24.0	25.0	26.0	27.0	28.0	29.0	30.0	31.0	32.0	33.0	34.0	35.0	36.0	37.0
DR1036-SAH_2_val_2	1.0	38.0	90.0	82.0	72.0	71.0	105.0	122.0	154.0	189.0	252.0	359.0	502.0	656.0	1081.0	1631.0	2463.0	3737.0	5519.0	7855.0	10520.0	13493.0	14136.0	10384.0	2559.0	16.0
	16.0	17.0	18.0	19.0	20.0	21.0	22.0	23.0	24.0	25.0	26.0	27.0	28.0	29.0	30.0	31.0	32.0	33.0	34.0	35.0	36.0	37.0
DR1038-A-SAH_1_val_1	1.0	0.0	1.0	6.0	15.0	51.0	145.0	311.0	550.0	767.0	898.0	1085.0	1376.0	1525.0	1861.0	2198.0	2814.0	3709.0	5222.0	8168.0	15698.0	39650.0
	13.0	14.0	15.0	16.0	17.0	18.0	19.0	20.0	21.0	22.0	23.0	24.0	25.0	26.0	27.0	28.0	29.0	30.0	31.0	32.0	33.0	34.0	35.0	36.0	37.0
DR1038-A-SAH_2_val_2	13.0	73.0	93.0	57.0	72.0	84.0	111.0	156.0	184.0	249.0	315.0	427.0	715.0	1011.0	1506.0	2520.0	3992.0	6106.0	8697.0	11962.0	15108.0	16360.0	12738.0	3466.0	36.0
	18.0	19.0	20.0	21.0	22.0	23.0	24.0	25.0	26.0	27.0	28.0	29.0	30.0	31.0	32.0	33.0	34.0	35.0	36.0	37.0
DR1038-SAH_1_val_1	3.0	6.0	16.0	34.0	104.0	252.0	384.0	573.0	771.0	904.0	1173.0	1359.0	1663.0	1968.0	2513.0	3461.0	4934.0	8131.0	15455.0	38775.0
	13.0	14.0	15.0	16.0	17.0	18.0	19.0	20.0	21.0	22.0	23.0	24.0	25.0	26.0	27.0	28.0	29.0	30.0	31.0	32.0	33.0	34.0	35.0	36.0	37.0
DR1038-SAH_2_val_2	29.0	77.0	76.0	61.0	62.0	94.0	130.0	175.0	223.0	252.0	370.0	508.0	720.0	1139.0	1638.0	2539.0	4111.0	6052.0	8713.0	11583.0	14317.0	15520.0	11359.0	2713.0	18.0
	17.0	18.0	19.0	20.0	21.0	22.0	23.0	24.0	25.0	26.0	27.0	28.0	29.0	30.0	31.0	32.0	33.0	34.0	35.0	36.0	37.0
DR1039-SAH_1_val_1	1.0	1.0	14.0	18.0	49.0	146.0	337.0	569.0	760.0	959.0	1116.0	1212.0	1485.0	1710.0	2027.0	2644.0	3298.0	4791.0	7143.0	13714.0	35720.0
	12.0	13.0	14.0	15.0	16.0	17.0	18.0	19.0	20.0	21.0	22.0	23.0	24.0	25.0	26.0	27.0	28.0	29.0	30.0	31.0	32.0	33.0	34.0	35.0	36.0	37.0
DR1039-SAH_2_val_2	1.0	9.0	66.0	94.0	81.0	76.0	108.0	123.0	167.0	229.0	272.0	398.0	518.0	737.0	1154.0	1765.0	2515.0	4082.0	5963.0	8194.0	10866.0	13315.0	14053.0	10362.0	2545.0	21.0
	18.0	19.0	20.0	21.0	22.0	23.0	24.0	25.0	26.0	27.0	28.0	29.0	30.0	31.0	32.0	33.0	34.0	35.0	36.0	37.0
DR1040-SAH_1_val_1	2.0	10.0	18.0	39.0	116.0	265.0	407.0	559.0	727.0	894.0	1095.0	1281.0	1593.0	1842.0	2446.0	3235.0	4586.0	7175.0	13870.0	41952.0
	13.0	14.0	15.0	16.0	17.0	18.0	19.0	20.0	21.0	22.0	23.0	24.0	25.0	26.0	27.0	28.0	29.0	30.0	31.0	32.0	33.0	34.0	35.0	36.0	37.0
DR1040-SAH_2_val_2	3.0	39.0	97.0	83.0	71.0	94.0	124.0	157.0	204.0	249.0	346.0	484.0	704.0	1022.0	1561.0	2489.0	3697.0	5427.0	7887.0	10633.0	13657.0	16201.0	13337.0	3523.0	23.0
	18.0	19.0	20.0	21.0	22.0	23.0	24.0	25.0	26.0	27.0	28.0	29.0	30.0	31.0	32.0	33.0	34.0	35.0	36.0	37.0
DR1041-E_1_val_1	1.0	6.0	20.0	34.0	118.0	242.0	353.0	546.0	629.0	759.0	889.0	995.0	1316.0	1549.0	1944.0	2682.0	3826.0	6204.0	12430.0	39402.0
	13.0	14.0	15.0	16.0	17.0	18.0	19.0	20.0	21.0	22.0	23.0	24.0	25.0	26.0	27.0	28.0	29.0	30.0	31.0	32.0	33.0	34.0	35.0	36.0	37.0
DR1041-E_2_val_2	13.0	79.0	80.0	54.0	65.0	107.0	111.0	141.0	213.0	278.0	328.0	408.0	605.0	955.0	1464.0	2222.0	3466.0	5069.0	7077.0	9646.0	12285.0	14303.0	11863.0	3100.0	13.0
	17.0	18.0	19.0	20.0	21.0	22.0	23.0	24.0	25.0	26.0	27.0	28.0	29.0	30.0	31.0	32.0	33.0	34.0	35.0	36.0	37.0
DR1041-H_1_val_1	1.0	4.0	7.0	27.0	53.0	140.0	288.0	474.0	665.0	778.0	1046.0	1243.0	1446.0	1680.0	2121.0	2775.0	3566.0	5035.0	8020.0	15804.0	50677.0
	12.0	13.0	14.0	15.0	16.0	17.0	18.0	19.0	20.0	21.0	22.0	23.0	24.0	25.0	26.0	27.0	28.0	29.0	30.0	31.0	32.0	33.0	34.0	35.0	36.0	37.0
DR1041-H_2_val_2	2.0	26.0	64.0	54.0	53.0	56.0	78.0	112.0	153.0	199.0	269.0	342.0	459.0	639.0	952.0	1549.0	2425.0	3753.0	5708.0	8553.0	11821.0	15855.0	19469.0	17692.0	5501.0	66.0
	18.0	19.0	20.0	21.0	22.0	23.0	24.0	25.0	26.0	27.0	28.0	29.0	30.0	31.0	32.0	33.0	34.0	35.0	36.0	37.0
DR1041-SAH_1_val_1	2.0	4.0	21.0	48.0	134.0	304.0	471.0	637.0	795.0	945.0	1127.0	1269.0	1583.0	1893.0	2355.0	3154.0	4402.0	6646.0	13174.0	33392.0
	13.0	14.0	15.0	16.0	17.0	18.0	19.0	20.0	21.0	22.0	23.0	24.0	25.0	26.0	27.0	28.0	29.0	30.0	31.0	32.0	33.0	34.0	35.0	36.0	37.0
DR1041-SAH_2_val_2	16.0	61.0	75.0	61.0	64.0	73.0	99.0	130.0	185.0	212.0	280.0	425.0	600.0	880.0	1367.0	2177.0	3362.0	5115.0	7149.0	9668.0	12374.0	13793.0	11101.0	3061.0	28.0
	18.0	19.0	20.0	21.0	22.0	23.0	24.0	25.0	26.0	27.0	28.0	29.0	30.0	31.0	32.0	33.0	34.0	35.0	36.0	37.0
DR1042-E_1_val_1	1.0	12.0	19.0	56.0	133.0	254.0	331.0	530.0	689.0	888.0	986.0	1230.0	1527.0	1899.0	2475.0	3189.0	4628.0	7415.0	14636.0	47395.0
	12.0	13.0	14.0	15.0	16.0	17.0	18.0	19.0	20.0	21.0	22.0	23.0	24.0	25.0	26.0	27.0	28.0	29.0	30.0	31.0	32.0	33.0	34.0	35.0	36.0	37.0
DR1042-E_2_val_2	1.0	16.0	68.0	75.0	64.0	61.0	116.0	120.0	171.0	248.0	299.0	406.0	555.0	786.0	1017.0	1582.0	2281.0	3527.0	5311.0	7627.0	10365.0	13876.0	17206.0	16585.0	5855.0	75.0
	18.0	19.0	20.0	21.0	22.0	23.0	24.0	25.0	26.0	27.0	28.0	29.0	30.0	31.0	32.0	33.0	34.0	35.0	36.0	37.0
DR1042-H_1_val_1	3.0	12.0	27.0	71.0	230.0	425.0	759.0	979.0	1313.0	1596.0	1803.0	2011.0	2464.0	3006.0	3705.0	4941.0	6845.0	10551.0	20524.0	63255.0
	12.0	13.0	14.0	15.0	16.0	17.0	18.0	19.0	20.0	21.0	22.0	23.0	24.0	25.0	26.0	27.0	28.0	29.0	30.0	31.0	32.0	33.0	34.0	35.0	36.0	37.0
DR1042-H_2_val_2	1.0	12.0	88.0	104.0	84.0	98.0	109.0	143.0	226.0	283.0	379.0	505.0	661.0	965.0	1403.0	2052.0	3290.0	4971.0	7596.0	10873.0	15119.0	19756.0	23874.0	23133.0	8675.0	120.0
	17.0	18.0	19.0	20.0	21.0	22.0	23.0	24.0	25.0	26.0	27.0	28.0	29.0	30.0	31.0	32.0	33.0	34.0	35.0	36.0	37.0
DR1042-SAH_1_val_1	1.0	3.0	16.0	27.0	64.0	216.0	417.0	702.0	922.0	1184.0	1327.0	1575.0	1843.0	2177.0	2525.0	3158.0	4201.0	5984.0	9397.0	17748.0	51427.0
	13.0	14.0	15.0	16.0	17.0	18.0	19.0	20.0	21.0	22.0	23.0	24.0	25.0	26.0	27.0	28.0	29.0	30.0	31.0	32.0	33.0	34.0	35.0	36.0	37.0
DR1042-SAH_2_val_2	13.0	84.0	120.0	92.0	88.0	136.0	138.0	223.0	251.0	326.0	473.0	595.0	871.0	1241.0	1895.0	2848.0	4549.0	6620.0	9623.0	13328.0	17128.0	20374.0	18144.0	5694.0	60.0
	18.0	19.0	20.0	21.0	22.0	23.0	24.0	25.0	26.0	27.0	28.0	29.0	30.0	31.0	32.0	33.0	34.0	35.0	36.0	37.0
DR1043-E_1_val_1	4.0	15.0	20.0	38.0	149.0	319.0	501.0	658.0	862.0	1055.0	1228.0	1501.0	1724.0	2210.0	2779.0	3814.0	5385.0	8333.0	16080.0	40589.0
	12.0	13.0	14.0	15.0	16.0	17.0	18.0	19.0	20.0	21.0	22.0	23.0	24.0	25.0	26.0	27.0	28.0	29.0	30.0	31.0	32.0	33.0	34.0	35.0	36.0	37.0
DR1043-E_2_val_2	1.0	26.0	67.0	88.0	66.0	77.0	109.0	126.0	173.0	250.0	260.0	424.0	508.0	734.0	1078.0	1601.0	2487.0	3905.0	5565.0	8090.0	11242.0	14340.0	16995.0	14810.0	4208.0	34.0
	17.0	18.0	19.0	20.0	21.0	22.0	23.0	24.0	25.0	26.0	27.0	28.0	29.0	30.0	31.0	32.0	33.0	34.0	35.0	36.0	37.0
DR1043-H_1_val_1	1.0	3.0	14.0	29.0	62.0	190.0	380.0	561.0	772.0	974.0	1150.0	1395.0	1584.0	1823.0	2132.0	2691.0	3422.0	4842.0	7578.0	14767.0	46202.0
	12.0	13.0	14.0	15.0	16.0	17.0	18.0	19.0	20.0	21.0	22.0	23.0	24.0	25.0	26.0	27.0	28.0	29.0	30.0	31.0	32.0	33.0	34.0	35.0	36.0	37.0
DR1043-H_2_val_2	3.0	19.0	100.0	109.0	70.0	89.0	113.0	155.0	183.0	234.0	316.0	392.0	504.0	770.0	1110.0	1627.0	2469.0	3836.0	5639.0	8131.0	11119.0	14284.0	17328.0	16295.0	5603.0	74.0
	17.0	18.0	19.0	20.0	21.0	22.0	23.0	24.0	25.0	26.0	27.0	28.0	29.0	30.0	31.0	32.0	33.0	34.0	35.0	36.0	37.0
DR1043-SAH_1_val_1	1.0	3.0	6.0	5.0	40.0	138.0	285.0	463.0	638.0	805.0	1001.0	1137.0	1366.0	1671.0	1922.0	2348.0	3197.0	4324.0	7030.0	13368.0	39679.0
	12.0	13.0	14.0	15.0	16.0	17.0	18.0	19.0	20.0	21.0	22.0	23.0	24.0	25.0	26.0	27.0	28.0	29.0	30.0	31.0	32.0	33.0	34.0	35.0	36.0	37.0
DR1043-SAH_2_val_2	1.0	8.0	74.0	91.0	97.0	83.0	80.0	135.0	169.0	226.0	258.0	347.0	481.0	692.0	1065.0	1633.0	2461.0	3889.0	5646.0	7945.0	10612.0	13273.0	14991.0	11838.0	3309.0	23.0
	18.0	19.0	20.0	21.0	22.0	23.0	24.0	25.0	26.0	27.0	28.0	29.0	30.0	31.0	32.0	33.0	34.0	35.0	36.0	37.0
DR1044-E_1_val_1	2.0	8.0	28.0	42.0	123.0	232.0	395.0	538.0	696.0	821.0	1004.0	1079.0	1384.0	1755.0	2215.0	3175.0	4462.0	7232.0	14119.0	48738.0
	12.0	13.0	14.0	15.0	16.0	17.0	18.0	19.0	20.0	21.0	22.0	23.0	24.0	25.0	26.0	27.0	28.0	29.0	30.0	31.0	32.0	33.0	34.0	35.0	36.0	37.0
DR1044-E_2_val_2	1.0	11.0	71.0	82.0	76.0	70.0	96.0	105.0	155.0	212.0	272.0	382.0	538.0	694.0	989.0	1503.0	2282.0	3411.0	5098.0	7524.0	10365.0	14030.0	17524.0	16891.0	5616.0	50.0
	18.0	19.0	20.0	21.0	22.0	23.0	24.0	25.0	26.0	27.0	28.0	29.0	30.0	31.0	32.0	33.0	34.0	35.0	36.0	37.0
DR1044-SAH_1_val_1	3.0	13.0	32.0	78.0	244.0	461.0	669.0	843.0	917.0	1217.0	1358.0	1635.0	1885.0	2238.0	2943.0	4098.0	5749.0	8885.0	16479.0	31289.0
	12.0	13.0	14.0	15.0	16.0	17.0	18.0	19.0	20.0	21.0	22.0	23.0	24.0	25.0	26.0	27.0	28.0	29.0	30.0	31.0	32.0	33.0	34.0	35.0	36.0	37.0
DR1044-SAH_2_val_2	2.0	25.0	73.0	67.0	64.0	85.0	83.0	118.0	140.0	178.0	224.0	334.0	459.0	602.0	977.0	1447.0	2303.0	3654.0	5321.0	8010.0	10916.0	13879.0	16100.0	12717.0	3232.0	26.0
	17.0	18.0	19.0	20.0	21.0	22.0	23.0	24.0	25.0	26.0	27.0	28.0	29.0	30.0	31.0	32.0	33.0	34.0	35.0	36.0	37.0
DR1045-E_1_val_1	1.0	1.0	5.0	17.0	48.0	100.0	203.0	309.0	449.0	560.0	675.0	903.0	982.0	1197.0	1535.0	1958.0	2620.0	3735.0	6080.0	11824.0	39866.0
	13.0	14.0	15.0	16.0	17.0	18.0	19.0	20.0	21.0	22.0	23.0	24.0	25.0	26.0	27.0	28.0	29.0	30.0	31.0	32.0	33.0	34.0	35.0	36.0	37.0
DR1045-E_2_val_2	17.0	43.0	72.0	52.0	62.0	65.0	94.0	122.0	157.0	214.0	306.0	393.0	531.0	757.0	1046.0	1738.0	2718.0	4029.0	6077.0	8803.0	11795.0	14923.0	14422.0	4593.0	39.0
	16.0	17.0	18.0	19.0	20.0	21.0	22.0	23.0	24.0	25.0	26.0	27.0	28.0	29.0	30.0	31.0	32.0	33.0	34.0	35.0	36.0	37.0
DR1045-H_1_val_1	1.0	1.0	1.0	6.0	21.0	41.0	125.0	254.0	408.0	525.0	661.0	849.0	1031.0	1182.0	1501.0	1846.0	2224.0	3047.0	4321.0	7034.0	13725.0	40824.0
	13.0	14.0	15.0	16.0	17.0	18.0	19.0	20.0	21.0	22.0	23.0	24.0	25.0	26.0	27.0	28.0	29.0	30.0	31.0	32.0	33.0	34.0	35.0	36.0	37.0
DR1045-H_2_val_2	17.0	71.0	72.0	60.0	56.0	82.0	103.0	133.0	190.0	220.0	284.0	459.0	542.0	786.0	1276.0	1892.0	2958.0	4485.0	6619.0	9764.0	12828.0	16224.0	15256.0	5181.0	70.0
	17.0	18.0	19.0	20.0	21.0	22.0	23.0	24.0	25.0	26.0	27.0	28.0	29.0	30.0	31.0	32.0	33.0	34.0	35.0	36.0	37.0
DR1045-SAH_1_val_1	2.0	3.0	15.0	27.0	76.0	222.0	386.0	628.0	844.0	1009.0	1201.0	1418.0	1610.0	1921.0	2417.0	3060.0	4144.0	5716.0	9066.0	17529.0	38318.0
	13.0	14.0	15.0	16.0	17.0	18.0	19.0	20.0	21.0	22.0	23.0	24.0	25.0	26.0	27.0	28.0	29.0	30.0	31.0	32.0	33.0	34.0	35.0	36.0	37.0
DR1045-SAH_2_val_2	11.0	49.0	93.0	97.0	95.0	89.0	119.0	126.0	195.0	274.0	333.0	429.0	600.0	931.0	1395.0	2117.0	3334.0	5188.0	7636.0	11003.0	14612.0	17871.0	16953.0	5990.0	72.0
	18.0	19.0	20.0	21.0	22.0	23.0	24.0	25.0	26.0	27.0	28.0	29.0	30.0	31.0	32.0	33.0	34.0	35.0	36.0	37.0
DR1046-E_1_val_1	3.0	7.0	21.0	71.0	192.0	343.0	518.0	686.0	888.0	931.0	1127.0	1242.0	1496.0	1898.0	2408.0	3240.0	4854.0	7744.0	14947.0	34303.0
	13.0	14.0	15.0	16.0	17.0	18.0	19.0	20.0	21.0	22.0	23.0	24.0	25.0	26.0	27.0	28.0	29.0	30.0	31.0	32.0	33.0	34.0	35.0	36.0
DR1046-E_2_val_2	9.0	61.0	107.0	90.0	94.0	128.0	158.0	179.0	264.0	317.0	414.0	564.0	828.0	1235.0	1891.0	2824.0	4264.0	6432.0	8726.0	11672.0	14077.0	14290.0	7354.0	941.0
	18.0	19.0	20.0	21.0	22.0	23.0	24.0	25.0	26.0	27.0	28.0	29.0	30.0	31.0	32.0	33.0	34.0	35.0	36.0	37.0
DR1046-H_1_val_1	3.0	11.0	18.0	44.0	109.0	246.0	421.0	550.0	749.0	958.0	1093.0	1376.0	1553.0	1871.0	2316.0	3167.0	4451.0	6826.0	13332.0	40560.0
	13.0	14.0	15.0	16.0	17.0	18.0	19.0	20.0	21.0	22.0	23.0	24.0	25.0	26.0	27.0	28.0	29.0	30.0	31.0	32.0	33.0	34.0	35.0	36.0	37.0
DR1046-H_2_val_2	8.0	60.0	92.0	70.0	61.0	78.0	132.0	147.0	189.0	215.0	385.0	440.0	634.0	920.0	1351.0	2070.0	3329.0	4891.0	7106.0	9866.0	12956.0	15507.0	14349.0	4754.0	44.0
	18.0	19.0	20.0	21.0	22.0	23.0	24.0	25.0	26.0	27.0	28.0	29.0	30.0	31.0	32.0	33.0	34.0	35.0	36.0	37.0
DR1046-SAH_1_val_1	1.0	4.0	21.0	48.0	175.0	372.0	549.0	777.0	904.0	1090.0	1292.0	1546.0	1821.0	2088.0	2654.0	3455.0	4899.0	7509.0	14953.0	44659.0
	13.0	14.0	15.0	16.0	17.0	18.0	19.0	20.0	21.0	22.0	23.0	24.0	25.0	26.0	27.0	28.0	29.0	30.0	31.0	32.0	33.0	34.0	35.0	36.0	37.0
DR1046-SAH_2_val_2	12.0	66.0	97.0	96.0	75.0	102.0	163.0	174.0	228.0	286.0	368.0	569.0	743.0	1048.0	1698.0	2560.0	4001.0	5923.0	8183.0	10883.0	14291.0	17023.0	15033.0	5131.0	64.0
	17.0	18.0	19.0	20.0	21.0	22.0	23.0	24.0	25.0	26.0	27.0	28.0	29.0	30.0	31.0	32.0	33.0	34.0	35.0	36.0	37.0
DR1047-E_1_val_1	1.0	3.0	15.0	16.0	56.0	155.0	319.0	504.0	717.0	837.0	1095.0	1211.0	1425.0	1651.0	2016.0	2548.0	3413.0	4782.0	7552.0	14867.0	36900.0
	12.0	13.0	14.0	15.0	16.0	17.0	18.0	19.0	20.0	21.0	22.0	23.0	24.0	25.0	26.0	27.0	28.0	29.0	30.0	31.0	32.0	33.0	34.0	35.0	36.0	37.0
DR1047-E_2_val_2	2.0	20.0	59.0	49.0	48.0	64.0	96.0	119.0	151.0	198.0	266.0	353.0	480.0	727.0	1088.0	1580.0	2477.0	3852.0	5833.0	8240.0	10855.0	13969.0	15368.0	11497.0	2671.0	21.0
	17.0	18.0	19.0	20.0	21.0	22.0	23.0	24.0	25.0	26.0	27.0	28.0	29.0	30.0	31.0	32.0	33.0	34.0	35.0	36.0	37.0
DR1047-H_1_val_1	1.0	2.0	10.0	12.0	42.0	137.0	277.0	444.0	625.0	772.0	973.0	1132.0	1394.0	1609.0	1962.0	2384.0	3312.0	4595.0	7365.0	14254.0	37316.0
	12.0	13.0	14.0	15.0	16.0	17.0	18.0	19.0	20.0	21.0	22.0	23.0	24.0	25.0	26.0	27.0	28.0	29.0	30.0	31.0	32.0	33.0	34.0	35.0	36.0	37.0
DR1047-H_2_val_2	1.0	23.0	74.0	96.0	58.0	62.0	110.0	112.0	128.0	191.0	269.0	319.0	453.0	661.0	956.0	1594.0	2360.0	3695.0	5412.0	7793.0	10446.0	13482.0	15162.0	11927.0	3213.0	21.0
	18.0	19.0	20.0	21.0	22.0	23.0	24.0	25.0	26.0	27.0	28.0	29.0	30.0	31.0	32.0	33.0	34.0	35.0	36.0	37.0
DR1047-SAH_1_val_1	2.0	12.0	16.0	46.0	129.0	268.0	440.0	588.0	814.0	1095.0	1319.0	1551.0	1829.0	2257.0	2845.0	3778.0	5280.0	8117.0	15564.0	38684.0
	12.0	13.0	14.0	15.0	16.0	17.0	18.0	19.0	20.0	21.0	22.0	23.0	24.0	25.0	26.0	27.0	28.0	29.0	30.0	31.0	32.0	33.0	34.0	35.0	36.0	37.0
DR1047-SAH_2_val_2	1.0	22.0	59.0	90.0	69.0	80.0	96.0	125.0	169.0	237.0	296.0	390.0	531.0	833.0	1185.0	1822.0	2894.0	4424.0	6411.0	8973.0	12256.0	14900.0	15711.0	10815.0	2235.0	10.0
	16.0	17.0	18.0	19.0	20.0	21.0	22.0	23.0	24.0	25.0	26.0	27.0	28.0	29.0	30.0	31.0	32.0	33.0	34.0	35.0	36.0	37.0
DR1048-E_1_val_1	1.0	3.0	4.0	6.0	16.0	57.0	153.0	303.0	470.0	607.0	846.0	944.0	1080.0	1311.0	1493.0	1890.0	2487.0	3287.0	4641.0	7413.0	14420.0	45978.0
	13.0	14.0	15.0	16.0	17.0	18.0	19.0	20.0	21.0	22.0	23.0	24.0	25.0	26.0	27.0	28.0	29.0	30.0	31.0	32.0	33.0	34.0	35.0	36.0	37.0
DR1048-E_2_val_2	5.0	49.0	98.0	95.0	85.0	122.0	174.0	203.0	251.0	366.0	480.0	662.0	999.0	1379.0	2143.0	3401.0	5187.0	7442.0	9964.0	12748.0	15299.0	15623.0	9202.0	1428.0	5.0
	18.0	19.0	20.0	21.0	22.0	23.0	24.0	25.0	26.0	27.0	28.0	29.0	30.0	31.0	32.0	33.0	34.0	35.0	36.0	37.0
DR1048-H_1_val_1	4.0	5.0	20.0	53.0	143.0	307.0	454.0	624.0	792.0	948.0	1110.0	1355.0	1611.0	2125.0	2551.0	3455.0	4976.0	7746.0	15174.0	38918.0
	12.0	13.0	14.0	15.0	16.0	17.0	18.0	19.0	20.0	21.0	22.0	23.0	24.0	25.0	26.0	27.0	28.0	29.0	30.0	31.0	32.0	33.0	34.0	35.0	36.0	37.0
DR1048-H_2_val_2	2.0	19.0	72.0	69.0	42.0	48.0	71.0	68.0	129.0	160.0	200.0	288.0	381.0	568.0	797.0	1196.0	1915.0	3033.0	4755.0	7008.0	10097.0	13684.0	16844.0	15642.0	5214.0	69.0
	18.0	19.0	20.0	21.0	22.0	23.0	24.0	25.0	26.0	27.0	28.0	29.0	30.0	31.0	32.0	33.0	34.0	35.0	36.0	37.0
DR1048-SAH_1_val_1	5.0	12.0	25.0	54.0	166.0	339.0	548.0	730.0	984.0	1218.0	1482.0	1732.0	2048.0	2565.0	3182.0	4168.0	5959.0	9561.0	18233.0	48360.0
	12.0	13.0	14.0	15.0	16.0	17.0	18.0	19.0	20.0	21.0	22.0	23.0	24.0	25.0	26.0	27.0	28.0	29.0	30.0	31.0	32.0	33.0	34.0	35.0	36.0	37.0
DR1048-SAH_2_val_2	1.0	18.0	62.0	121.0	72.0	80.0	127.0	141.0	215.0	247.0	321.0	458.0	647.0	953.0	1380.0	2197.0	3374.0	5365.0	7877.0	11217.0	14529.0	18093.0	19390.0	12322.0	2155.0	9.0
	18.0	19.0	20.0	21.0	22.0	23.0	24.0	25.0	26.0	27.0	28.0	29.0	30.0	31.0	32.0	33.0	34.0	35.0	36.0	37.0
DR1049-E_1_val_1	2.0	15.0	27.0	63.0	215.0	448.0	675.0	920.0	1087.0	1379.0	1588.0	1825.0	2095.0	2569.0	3277.0	4506.0	6334.0	10090.0	20286.0	60033.0
	12.0	13.0	14.0	15.0	16.0	17.0	18.0	19.0	20.0	21.0	22.0	23.0	24.0	25.0	26.0	27.0	28.0	29.0	30.0	31.0	32.0	33.0	34.0	35.0	36.0	37.0
DR1049-E_2_val_2	5.0	45.0	90.0	81.0	72.0	84.0	134.0	173.0	210.0	257.0	387.0	520.0	712.0	1018.0	1449.0	2088.0	3227.0	5168.0	7479.0	10780.0	14861.0	19774.0	23348.0	19621.0	5798.0	53.0
	18.0	19.0	20.0	21.0	22.0	23.0	24.0	25.0	26.0	27.0	28.0	29.0	30.0	31.0	32.0	33.0	34.0	35.0	36.0	37.0
DR1049-H_1_val_1	3.0	13.0	19.0	75.0	221.0	456.0	689.0	910.0	1196.0	1422.0	1711.0	1879.0	2341.0	2726.0	3496.0	4704.0	6594.0	10217.0	19838.0	50723.0
	13.0	14.0	15.0	16.0	17.0	18.0	19.0	20.0	21.0	22.0	23.0	24.0	25.0	26.0	27.0	28.0	29.0	30.0	31.0	32.0	33.0	34.0	35.0	36.0	37.0
DR1049-H_2_val_2	43.0	120.0	74.0	80.0	88.0	120.0	159.0	240.0	302.0	390.0	523.0	689.0	1002.0	1466.0	2220.0	3414.0	5370.0	7538.0	10984.0	14426.0	18718.0	20661.0	16243.0	4318.0	45.0
	17.0	18.0	19.0	20.0	21.0	22.0	23.0	24.0	25.0	26.0	27.0	28.0	29.0	30.0	31.0	32.0	33.0	34.0	35.0	36.0	37.0
DR1049-SAH_1_val_1	2.0	5.0	13.0	18.0	61.0	182.0	370.0	625.0	799.0	1004.0	1189.0	1311.0	1663.0	1970.0	2201.0	2839.0	3722.0	5366.0	8331.0	16283.0	43773.0
	13.0	14.0	15.0	16.0	17.0	18.0	19.0	20.0	21.0	22.0	23.0	24.0	25.0	26.0	27.0	28.0	29.0	30.0	31.0	32.0	33.0	34.0	35.0	36.0	37.0
DR1049-SAH_2_val_2	29.0	94.0	116.0	64.0	94.0	105.0	120.0	180.0	225.0	291.0	435.0	535.0	699.0	1150.0	1706.0	2568.0	4160.0	5973.0	8624.0	12051.0	15148.0	17908.0	14898.0	4514.0	40.0
	18.0	19.0	20.0	21.0	22.0	23.0	24.0	25.0	26.0	27.0	28.0	29.0	30.0	31.0	32.0	33.0	34.0	35.0	36.0	37.0
E-10_1_val_1	5.0	15.0	63.0	137.0	372.0	702.0	1157.0	1509.0	1950.0	2284.0	2795.0	3295.0	4110.0	5288.0	7319.0	10854.0	16711.0	27608.0	55821.0	57138.0
	11.0	12.0	13.0	14.0	15.0	16.0	17.0	18.0	19.0	20.0	21.0	22.0	23.0	24.0	25.0	26.0	27.0	28.0	29.0	30.0	31.0	32.0	33.0	34.0	35.0	36.0	37.0
E-10_2_val_2	1.0	9.0	7.0	7.0	15.0	32.0	57.0	68.0	107.0	172.0	226.0	297.0	453.0	679.0	1327.0	2212.0	4164.0	7353.0	12348.0	20031.0	30918.0	43411.0	44516.0	25415.0	5114.0	193.0	1.0
	17.0	18.0	19.0	20.0	21.0	22.0	23.0	24.0	25.0	26.0	27.0	28.0	29.0	30.0	31.0	32.0	33.0	34.0	35.0	36.0	37.0
E-1_1_val_1	1.0	1.0	14.0	32.0	124.0	308.0	581.0	934.0	1150.0	1445.0	1753.0	2013.0	2383.0	3006.0	3901.0	5356.0	7831.0	11769.0	19000.0	30154.0	20013.0
	11.0	12.0	13.0	14.0	15.0	16.0	17.0	18.0	19.0	20.0	21.0	22.0	23.0	24.0	25.0	26.0	27.0	28.0	29.0	30.0	31.0	32.0	33.0	34.0	35.0	36.0
E-1_2_val_2	2.0	2.0	6.0	4.0	11.0	21.0	36.0	46.0	67.0	115.0	152.0	236.0	284.0	482.0	796.0	1580.0	2715.0	4910.0	8176.0	12809.0	18957.0	24534.0	22364.0	11415.0	1971.0	78.0
	18.0	19.0	20.0	21.0	22.0	23.0	24.0	25.0	26.0	27.0	28.0	29.0	30.0	31.0	32.0	33.0	34.0	35.0	36.0	37.0
E-2_1_val_1	3.0	8.0	15.0	58.0	214.0	431.0	661.0	928.0	1102.0	1297.0	1610.0	1825.0	2357.0	3181.0	4376.0	6307.0	9788.0	16126.0	29907.0	27449.0
	11.0	12.0	13.0	14.0	15.0	16.0	17.0	18.0	19.0	20.0	21.0	22.0	23.0	24.0	25.0	26.0	27.0	28.0	29.0	30.0	31.0	32.0	33.0	34.0	35.0	36.0
E-2_2_val_2	1.0	3.0	2.0	6.0	9.0	17.0	28.0	46.0	58.0	77.0	116.0	166.0	233.0	406.0	689.0	1267.0	2292.0	4160.0	6922.0	11250.0	17142.0	23335.0	23459.0	13163.0	2717.0	79.0
	18.0	19.0	20.0	21.0	22.0	23.0	24.0	25.0	26.0	27.0	28.0	29.0	30.0	31.0	32.0	33.0	34.0	35.0	36.0	37.0
E-3_1_val_1	4.0	11.0	45.0	187.0	491.0	932.0	1255.0	1628.0	1919.0	2233.0	2651.0	3098.0	4054.0	5487.0	7167.0	10540.0	15454.0	24081.0	36925.0	22531.0
	11.0	12.0	13.0	14.0	15.0	16.0	17.0	18.0	19.0	20.0	21.0	22.0	23.0	24.0	25.0	26.0	27.0	28.0	29.0	30.0	31.0	32.0	33.0	34.0	35.0	36.0
E-3_2_val_2	1.0	5.0	7.0	6.0	12.0	19.0	29.0	49.0	66.0	96.0	154.0	202.0	362.0	533.0	973.0	1648.0	3191.0	5450.0	9189.0	14740.0	22519.0	30803.0	30925.0	16432.0	3176.0	106.0
	18.0	19.0	20.0	21.0	22.0	23.0	24.0	25.0	26.0	27.0	28.0	29.0	30.0	31.0	32.0	33.0	34.0	35.0	36.0	37.0
E-4_1_val_1	5.0	12.0	27.0	74.0	204.0	441.0	827.0	1204.0	1616.0	1906.0	2311.0	2874.0	3470.0	4662.0	6441.0	9235.0	14546.0	25317.0	52777.0	70850.0
	12.0	13.0	14.0	15.0	16.0	17.0	18.0	19.0	20.0	21.0	22.0	23.0	24.0	25.0	26.0	27.0	28.0	29.0	30.0	31.0	32.0	33.0	34.0	35.0	36.0
E-4_2_val_2	6.0	10.0	11.0	11.0	17.0	48.0	72.0	118.0	165.0	222.0	336.0	511.0	773.0	1327.0	2325.0	4261.0	7491.0	12571.0	19654.0	30210.0	42130.0	44769.0	26188.0	5360.0	213.0
	18.0	19.0	20.0	21.0	22.0	23.0	24.0	25.0	26.0	27.0	28.0	29.0	30.0	31.0	32.0	33.0	34.0	35.0	36.0	37.0
E-5_1_val_1	4.0	9.0	10.0	21.0	73.0	170.0	312.0	506.0	733.0	969.0	1215.0	1526.0	1957.0	2701.0	3742.0	5512.0	8747.0	15279.0	32374.0	38658.0
	11.0	12.0	13.0	14.0	15.0	16.0	17.0	18.0	19.0	20.0	21.0	22.0	23.0	24.0	25.0	26.0	27.0	28.0	29.0	30.0	31.0	32.0	33.0	34.0	35.0	36.0
E-5_2_val_2	3.0	4.0	1.0	6.0	9.0	10.0	25.0	35.0	61.0	104.0	136.0	208.0	282.0	485.0	786.0	1310.0	2480.0	4342.0	7482.0	11964.0	18415.0	25024.0	25043.0	13576.0	2643.0	84.0
	18.0	19.0	20.0	21.0	22.0	23.0	24.0	25.0	26.0	27.0	28.0	29.0	30.0	31.0	32.0	33.0	34.0	35.0	36.0	37.0
E-6_1_val_1	3.0	10.0	25.0	37.0	96.0	206.0	402.0	605.0	763.0	1042.0	1197.0	1541.0	1971.0	2676.0	3657.0	5282.0	8438.0	14968.0	32121.0	50532.0
	12.0	13.0	14.0	15.0	16.0	17.0	18.0	19.0	20.0	21.0	22.0	23.0	24.0	25.0	26.0	27.0	28.0	29.0	30.0	31.0	32.0	33.0	34.0	35.0	36.0
E-6_2_val_2	1.0	9.0	1.0	5.0	14.0	28.0	45.0	63.0	77.0	120.0	192.0	295.0	440.0	768.0	1263.0	2362.0	4380.0	7162.0	11406.0	18183.0	26477.0	29746.0	18439.0	3954.0	142.0
	17.0	18.0	19.0	20.0	21.0	22.0	23.0	24.0	25.0	26.0	27.0	28.0	29.0	30.0	31.0	32.0	33.0	34.0	35.0	36.0	37.0
E-7_1_val_1	1.0	1.0	10.0	22.0	48.0	145.0	306.0	567.0	750.0	1038.0	1314.0	1620.0	2005.0	2371.0	3015.0	4071.0	5924.0	9111.0	15733.0	33536.0	42020.0
	11.0	12.0	13.0	14.0	15.0	16.0	17.0	18.0	19.0	20.0	21.0	22.0	23.0	24.0	25.0	26.0	27.0	28.0	29.0	30.0	31.0	32.0	33.0	34.0	35.0	36.0
E-7_2_val_2	1.0	6.0	5.0	9.0	8.0	22.0	31.0	62.0	72.0	115.0	133.0	223.0	347.0	459.0	857.0	1475.0	2776.0	4810.0	8280.0	12992.0	19539.0	27052.0	26362.0	14801.0	3048.0	123.0
	18.0	19.0	20.0	21.0	22.0	23.0	24.0	25.0	26.0	27.0	28.0	29.0	30.0	31.0	32.0	33.0	34.0	35.0	36.0	37.0
E-8_1_val_1	2.0	8.0	12.0	52.0	179.0	372.0	611.0	975.0	1141.0	1505.0	1692.0	2088.0	2615.0	3372.0	4518.0	6428.0	9827.0	16262.0	32881.0	34468.0
	11.0	12.0	13.0	14.0	15.0	16.0	17.0	18.0	19.0	20.0	21.0	22.0	23.0	24.0	25.0	26.0	27.0	28.0	29.0	30.0	31.0	32.0	33.0	34.0	35.0	36.0
E-8_2_val_2	2.0	5.0	7.0	2.0	8.0	15.0	20.0	46.0	52.0	103.0	134.0	191.0	272.0	483.0	787.0	1381.0	2641.0	4733.0	7835.0	12498.0	19124.0	25637.0	25530.0	14570.0	2840.0	92.0
	18.0	19.0	20.0	21.0	22.0	23.0	24.0	25.0	26.0	27.0	28.0	29.0	30.0	31.0	32.0	33.0	34.0	35.0	36.0	37.0
E-9_1_val_1	4.0	15.0	26.0	49.0	180.0	309.0	539.0	855.0	1161.0	1469.0	1903.0	2426.0	3009.0	3887.0	5595.0	8265.0	13245.0	23072.0	47143.0	48113.0
	12.0	13.0	14.0	15.0	16.0	17.0	18.0	19.0	20.0	21.0	22.0	23.0	24.0	25.0	26.0	27.0	28.0	29.0	30.0	31.0	32.0	33.0	34.0	35.0	36.0
E-9_2_val_2	6.0	10.0	7.0	13.0	17.0	23.0	58.0	77.0	106.0	165.0	298.0	458.0	657.0	1066.0	1906.0	3413.0	6422.0	11060.0	18070.0	27172.0	35987.0	33768.0	17322.0	3092.0	92.0
	18.0	19.0	20.0	21.0	22.0	23.0	24.0	25.0	26.0	27.0	28.0	29.0	30.0	31.0	32.0	33.0	34.0	35.0	36.0	37.0
H-10_1_val_1	5.0	15.0	25.0	47.0	160.0	333.0	586.0	935.0	1332.0	1789.0	2245.0	2852.0	3659.0	5079.0	7172.0	10470.0	16182.0	27924.0	56284.0	74557.0
	11.0	12.0	13.0	14.0	15.0	16.0	17.0	18.0	19.0	20.0	21.0	22.0	23.0	24.0	25.0	26.0	27.0	28.0	29.0	30.0	31.0	32.0	33.0	34.0	35.0	36.0
H-10_2_val_2	1.0	2.0	3.0	9.0	8.0	12.0	36.0	47.0	90.0	160.0	192.0	273.0	448.0	656.0	1118.0	1955.0	3627.0	6759.0	12248.0	20318.0	32599.0	46556.0	49742.0	28980.0	5634.0	178.0
	18.0	19.0	20.0	21.0	22.0	23.0	24.0	25.0	26.0	27.0	28.0	29.0	30.0	31.0	32.0	33.0	34.0	35.0	36.0	37.0
H-1_1_val_1	11.0	16.0	30.0	103.0	252.0	579.0	947.0	1355.0	1839.0	2306.0	2779.0	3274.0	4182.0	5460.0	7440.0	10341.0	15967.0	27053.0	53870.0	53503.0
	12.0	13.0	14.0	15.0	16.0	17.0	18.0	19.0	20.0	21.0	22.0	23.0	24.0	25.0	26.0	27.0	28.0	29.0	30.0	31.0	32.0	33.0	34.0	35.0	36.0
H-1_2_val_2	1.0	11.0	7.0	11.0	23.0	52.0	75.0	108.0	165.0	255.0	361.0	590.0	832.0	1450.0	2467.0	4346.0	7826.0	12767.0	20312.0	30367.0	40942.0	40792.0	22819.0	4572.0	156.0
	17.0	18.0	19.0	20.0	21.0	22.0	23.0	24.0	25.0	26.0	27.0	28.0	29.0	30.0	31.0	32.0	33.0	34.0	35.0	36.0	37.0
H-2_1_val_1	1.0	4.0	14.0	43.0	131.0	329.0	658.0	1057.0	1585.0	2061.0	2577.0	2990.0	3633.0	4452.0	5515.0	7575.0	10742.0	16680.0	27977.0	56915.0	57881.0
	11.0	12.0	13.0	14.0	15.0	16.0	17.0	18.0	19.0	20.0	21.0	22.0	23.0	24.0	25.0	26.0	27.0	28.0	29.0	30.0	31.0	32.0	33.0	34.0	35.0	36.0
H-2_2_val_2	3.0	7.0	4.0	7.0	16.0	32.0	52.0	88.0	114.0	184.0	273.0	372.0	606.0	982.0	1558.0	2778.0	5242.0	8965.0	14409.0	22199.0	33513.0	42985.0	41685.0	22252.0	4339.0	155.0
	16.0	17.0	18.0	19.0	20.0	21.0	22.0	23.0	24.0	25.0	26.0	27.0	28.0	29.0	30.0	31.0	32.0	33.0	34.0	35.0	36.0	37.0
H-3_1_val_1	1.0	0.0	3.0	4.0	21.0	54.0	161.0	279.0	524.0	776.0	979.0	1141.0	1324.0	1738.0	2099.0	2835.0	3794.0	5497.0	8455.0	14410.0	24900.0	13029.0
	12.0	13.0	14.0	15.0	16.0	17.0	18.0	19.0	20.0	21.0	22.0	23.0	24.0	25.0	26.0	27.0	28.0	29.0	30.0	31.0	32.0	33.0	34.0	35.0	36.0
H-3_2_val_2	4.0	5.0	3.0	7.0	33.0	51.0	74.0	120.0	161.0	240.0	318.0	469.0	725.0	1315.0	2298.0	4064.0	6222.0	8915.0	11964.0	14825.0	15049.0	10611.0	3987.0	550.0	14.0
	17.0	18.0	19.0	20.0	21.0	22.0	23.0	24.0	25.0	26.0	27.0	28.0	29.0	30.0	31.0	32.0	33.0	34.0	35.0	36.0	37.0
H-4_1_val_1	2.0	1.0	10.0	9.0	26.0	110.0	206.0	351.0	560.0	824.0	1132.0	1454.0	1864.0	2391.0	3186.0	4401.0	6399.0	10048.0	17360.0	37786.0	43495.0
	11.0	12.0	13.0	14.0	15.0	16.0	17.0	18.0	19.0	20.0	21.0	22.0	23.0	24.0	25.0	26.0	27.0	28.0	29.0	30.0	31.0	32.0	33.0	34.0	35.0	36.0
H-4_2_val_2	1.0	7.0	12.0	7.0	14.0	26.0	37.0	77.0	94.0	107.0	176.0	301.0	403.0	666.0	1119.0	2122.0	3721.0	6404.0	10566.0	16095.0	23071.0	28041.0	24626.0	11839.0	2025.0	58.0
	18.0	19.0	20.0	21.0	22.0	23.0	24.0	25.0	26.0	27.0	28.0	29.0	30.0	31.0	32.0	33.0	34.0	35.0	36.0	37.0
H-5_1_val_1	1.0	5.0	12.0	53.0	196.0	359.0	635.0	947.0	1207.0	1463.0	1763.0	2162.0	2651.0	3562.0	4704.0	6799.0	10593.0	17968.0	36037.0	38365.0
	11.0	12.0	13.0	14.0	15.0	16.0	17.0	18.0	19.0	20.0	21.0	22.0	23.0	24.0	25.0	26.0	27.0	28.0	29.0	30.0	31.0	32.0	33.0	34.0	35.0	36.0
H-5_2_val_2	2.0	8.0	1.0	6.0	7.0	16.0	39.0	55.0	78.0	94.0	140.0	228.0	318.0	551.0	984.0	1687.0	2988.0	5500.0	8901.0	14034.0	21170.0	28195.0	27146.0	14511.0	2727.0	96.0
	17.0	18.0	19.0	20.0	21.0	22.0	23.0	24.0	25.0	26.0	27.0	28.0	29.0	30.0	31.0	32.0	33.0	34.0	35.0	36.0	37.0
H-6_1_val_1	3.0	8.0	6.0	13.0	50.0	175.0	373.0	673.0	1032.0	1384.0	1726.0	2073.0	2659.0	3189.0	4188.0	5645.0	8036.0	12366.0	21098.0	42775.0	45877.0
	12.0	13.0	14.0	15.0	16.0	17.0	18.0	19.0	20.0	21.0	22.0	23.0	24.0	25.0	26.0	27.0	28.0	29.0	30.0	31.0	32.0	33.0	34.0	35.0	36.0
H-6_2_val_2	8.0	7.0	8.0	10.0	31.0	30.0	44.0	81.0	129.0	173.0	256.0	403.0	615.0	1047.0	1819.0	3400.0	6092.0	10204.0	16201.0	24401.0	33268.0	32930.0	18365.0	3679.0	148.0
	17.0	18.0	19.0	20.0	21.0	22.0	23.0	24.0	25.0	26.0	27.0	28.0	29.0	30.0	31.0	32.0	33.0	34.0	35.0	36.0	37.0
H-7_1_val_1	1.0	2.0	6.0	23.0	63.0	179.0	382.0	687.0	1021.0	1350.0	1693.0	2033.0	2483.0	3065.0	3944.0	5405.0	7626.0	11855.0	20173.0	42597.0	54270.0
	12.0	13.0	14.0	15.0	16.0	17.0	18.0	19.0	20.0	21.0	22.0	23.0	24.0	25.0	26.0	27.0	28.0	29.0	30.0	31.0	32.0	33.0	34.0	35.0	36.0
H-7_2_val_2	6.0	8.0	10.0	9.0	24.0	64.0	89.0	101.0	128.0	250.0	346.0	490.0	802.0	1288.0	2230.0	3995.0	7033.0	11099.0	17054.0	25636.0	33714.0	32851.0	18049.0	3463.0	119.0
	18.0	19.0	20.0	21.0	22.0	23.0	24.0	25.0	26.0	27.0	28.0	29.0	30.0	31.0	32.0	33.0	34.0	35.0	36.0	37.0
H-8_1_val_1	7.0	14.0	26.0	116.0	302.0	651.0	1048.0	1436.0	1889.0	2332.0	2754.0	3161.0	3969.0	4859.0	6503.0	9226.0	13858.0	22824.0	42857.0	40154.0
	11.0	12.0	13.0	14.0	15.0	16.0	17.0	18.0	19.0	20.0	21.0	22.0	23.0	24.0	25.0	26.0	27.0	28.0	29.0	30.0	31.0	32.0	33.0	34.0	35.0	36.0	37.0
H-8_2_val_2	1.0	6.0	4.0	9.0	11.0	26.0	41.0	49.0	83.0	111.0	166.0	266.0	402.0	613.0	983.0	1849.0	3307.0	5934.0	10327.0	16235.0	24979.0	34126.0	34460.0	19643.0	4202.0	152.0	1.0
	18.0	19.0	20.0	21.0	22.0	23.0	24.0	25.0	26.0	27.0	28.0	29.0	30.0	31.0	32.0	33.0	34.0	35.0	36.0	37.0
H-9_1_val_1	1.0	7.0	17.0	75.0	284.0	462.0	723.0	1100.0	1376.0	1668.0	2016.0	2374.0	2988.0	3882.0	5236.0	7248.0	11312.0	19670.0	41108.0	49158.0
	11.0	12.0	13.0	14.0	15.0	16.0	17.0	18.0	19.0	20.0	21.0	22.0	23.0	24.0	25.0	26.0	27.0	28.0	29.0	30.0	31.0	32.0	33.0	34.0	35.0	36.0
H-9_2_val_2	1.0	5.0	8.0	12.0	12.0	25.0	51.0	66.0	97.0	145.0	190.0	284.0	432.0	699.0	1153.0	2082.0	3845.0	6658.0	10886.0	16752.0	24947.0	32106.0	31062.0	16005.0	3068.0	114.0
	18.0	19.0	20.0	21.0	22.0	23.0	24.0	25.0	26.0	27.0	28.0	29.0	30.0	31.0	32.0	33.0	34.0	35.0	36.0	37.0
SAH-10_1_val_1	4.0	4.0	33.0	107.0	286.0	623.0	1029.0	1453.0	1908.0	2289.0	2819.0	3349.0	4102.0	5409.0	7418.0	10683.0	15920.0	26026.0	45889.0	34955.0
	12.0	13.0	14.0	15.0	16.0	17.0	18.0	19.0	20.0	21.0	22.0	23.0	24.0	25.0	26.0	27.0	28.0	29.0	30.0	31.0	32.0	33.0	34.0	35.0	36.0
SAH-10_2_val_2	7.0	10.0	8.0	7.0	13.0	35.0	51.0	89.0	121.0	209.0	285.0	424.0	684.0	1057.0	1951.0	3534.0	6301.0	11037.0	17581.0	26796.0	35754.0	34957.0	19392.0	3852.0	151.0
	17.0	18.0	19.0	20.0	21.0	22.0	23.0	24.0	25.0	26.0	27.0	28.0	29.0	30.0	31.0	32.0	33.0	34.0	35.0	36.0	37.0
SAH-1_1_val_1	1.0	5.0	15.0	11.0	63.0	157.0	352.0	654.0	938.0	1391.0	1863.0	2202.0	2790.0	3454.0	4567.0	6015.0	8760.0	13321.0	22249.0	44772.0	46603.0
	12.0	13.0	14.0	15.0	16.0	17.0	18.0	19.0	20.0	21.0	22.0	23.0	24.0	25.0	26.0	27.0	28.0	29.0	30.0	31.0	32.0	33.0	34.0	35.0	36.0
SAH-1_2_val_2	8.0	10.0	8.0	10.0	16.0	39.0	43.0	86.0	111.0	172.0	276.0	414.0	664.0	1149.0	1879.0	3434.0	6115.0	10420.0	17045.0	25723.0	34760.0	34402.0	19328.0	3917.0	154.0
	18.0	19.0	20.0	21.0	22.0	23.0	24.0	25.0	26.0	27.0	28.0	29.0	30.0	31.0	32.0	33.0	34.0	35.0	36.0	37.0
SAH-2_1_val_1	7.0	14.0	32.0	102.0	282.0	595.0	987.0	1546.0	1886.0	2460.0	2903.0	3690.0	4264.0	5509.0	7748.0	10728.0	16537.0	27799.0	57111.0	56987.0
	12.0	13.0	14.0	15.0	16.0	17.0	18.0	19.0	20.0	21.0	22.0	23.0	24.0	25.0	26.0	27.0	28.0	29.0	30.0	31.0	32.0	33.0	34.0	35.0	36.0
SAH-2_2_val_2	8.0	17.0	9.0	13.0	36.0	69.0	96.0	125.0	212.0	276.0	431.0	661.0	1068.0	1885.0	3187.0	5868.0	9956.0	15984.0	23998.0	34144.0	42410.0	37768.0	19260.0	3555.0	151.0
	17.0	18.0	19.0	20.0	21.0	22.0	23.0	24.0	25.0	26.0	27.0	28.0	29.0	30.0	31.0	32.0	33.0	34.0	35.0	36.0	37.0
SAH-3_1_val_1	1.0	7.0	24.0	58.0	287.0	681.0	1167.0	1616.0	2008.0	2364.0	2706.0	3089.0	3807.0	4707.0	6065.0	8255.0	11689.0	16647.0	24092.0	32724.0	16977.0
	11.0	12.0	13.0	14.0	15.0	16.0	17.0	18.0	19.0	20.0	21.0	22.0	23.0	24.0	25.0	26.0	27.0	28.0	29.0	30.0	31.0	32.0	33.0	34.0	35.0	36.0
SAH-3_2_val_2	3.0	8.0	5.0	10.0	9.0	28.0	42.0	52.0	77.0	107.0	150.0	214.0	316.0	515.0	885.0	1618.0	3177.0	5577.0	9472.0	15306.0	23304.0	30798.0	29265.0	15065.0	2876.0	92.0
	18.0	19.0	20.0	21.0	22.0	23.0	24.0	25.0	26.0	27.0	28.0	29.0	30.0	31.0	32.0	33.0	34.0	35.0	36.0	37.0
SAH-4_1_val_1	5.0	9.0	30.0	105.0	298.0	562.0	933.0	1310.0	1806.0	2220.0	2527.0	3062.0	3688.0	4768.0	6420.0	9172.0	13649.0	23237.0	47615.0	48485.0
	11.0	12.0	13.0	14.0	15.0	16.0	17.0	18.0	19.0	20.0	21.0	22.0	23.0	24.0	25.0	26.0	27.0	28.0	29.0	30.0	31.0	32.0	33.0	34.0	35.0	36.0
SAH-4_2_val_2	1.0	6.0	11.0	11.0	15.0	35.0	48.0	61.0	104.0	128.0	201.0	306.0	510.0	832.0	1301.0	2374.0	4512.0	7603.0	12262.0	18815.0	27642.0	36157.0	34950.0	18206.0	3706.0	104.0
	18.0	19.0	20.0	21.0	22.0	23.0	24.0	25.0	26.0	27.0	28.0	29.0	30.0	31.0	32.0	33.0	34.0	35.0	36.0	37.0
SAH-5_1_val_1	9.0	15.0	26.0	76.0	231.0	516.0	774.0	1217.0	1661.0	2002.0	2514.0	2926.0	3693.0	4709.0	6339.0	8855.0	13592.0	23249.0	48252.0	56207.0
	11.0	12.0	13.0	14.0	15.0	16.0	17.0	18.0	19.0	20.0	21.0	22.0	23.0	24.0	25.0	26.0	27.0	28.0	29.0	30.0	31.0	32.0	33.0	34.0	35.0	36.0
SAH-5_2_val_2	2.0	8.0	9.0	12.0	14.0	29.0	49.0	72.0	103.0	168.0	224.0	333.0	514.0	839.0	1361.0	2417.0	4316.0	7589.0	12464.0	19341.0	28576.0	37646.0	36782.0	19846.0	3994.0	155.0
	17.0	18.0	19.0	20.0	21.0	22.0	23.0	24.0	25.0	26.0	27.0	28.0	29.0	30.0	31.0	32.0	33.0	34.0	35.0	36.0	37.0
SAH-6_1_val_1	2.0	4.0	10.0	21.0	96.0	255.0	537.0	817.0	1301.0	1700.0	2025.0	2481.0	3139.0	3693.0	4674.0	6456.0	9085.0	14035.0	23030.0	44349.0	36002.0
	11.0	12.0	13.0	14.0	15.0	16.0	17.0	18.0	19.0	20.0	21.0	22.0	23.0	24.0	25.0	26.0	27.0	28.0	29.0	30.0	31.0	32.0	33.0	34.0	35.0	36.0
SAH-6_2_val_2	2.0	5.0	10.0	10.0	12.0	20.0	38.0	58.0	94.0	149.0	236.0	350.0	487.0	772.0	1208.0	2277.0	4124.0	7200.0	11631.0	17724.0	25759.0	32617.0	30271.0	15555.0	3000.0	103.0
	17.0	18.0	19.0	20.0	21.0	22.0	23.0	24.0	25.0	26.0	27.0	28.0	29.0	30.0	31.0	32.0	33.0	34.0	35.0	36.0	37.0
SAH-7_1_val_1	3.0	4.0	22.0	57.0	224.0	600.0	1047.0	1536.0	2016.0	2344.0	2748.0	3074.0	3811.0	4608.0	5813.0	7873.0	11523.0	16781.0	25534.0	36497.0	19281.0
	12.0	13.0	14.0	15.0	16.0	17.0	18.0	19.0	20.0	21.0	22.0	23.0	24.0	25.0	26.0	27.0	28.0	29.0	30.0	31.0	32.0	33.0	34.0	35.0	36.0
SAH-7_2_val_2	7.0	3.0	5.0	9.0	18.0	36.0	39.0	85.0	133.0	184.0	284.0	374.0	611.0	1102.0	2078.0	3788.0	6677.0	10907.0	17205.0	25177.0	31440.0	28298.0	14362.0	2485.0	89.0
	17.0	18.0	19.0	20.0	21.0	22.0	23.0	24.0	25.0	26.0	27.0	28.0	29.0	30.0	31.0	32.0	33.0	34.0	35.0	36.0	37.0
SAH-8_1_val_1	1.0	8.0	35.0	50.0	166.0	397.0	854.0	1326.0	1899.0	2545.0	2894.0	3498.0	4091.0	4880.0	6249.0	8219.0	11649.0	17580.0	28501.0	54162.0	46546.0
	11.0	12.0	13.0	14.0	15.0	16.0	17.0	18.0	19.0	20.0	21.0	22.0	23.0	24.0	25.0	26.0	27.0	28.0	29.0	30.0	31.0	32.0	33.0	34.0	35.0	36.0
SAH-8_2_val_2	3.0	14.0	10.0	10.0	14.0	33.0	64.0	66.0	127.0	173.0	259.0	396.0	572.0	961.0	1473.0	2812.0	5014.0	8733.0	14107.0	21567.0	31820.0	41708.0	39911.0	21330.0	4219.0	154.0
	18.0	19.0	20.0	21.0	22.0	23.0	24.0	25.0	26.0	27.0	28.0	29.0	30.0	31.0	32.0	33.0	34.0	35.0	36.0	37.0
SAH-9_1_val_1	4.0	13.0	18.0	67.0	181.0	396.0	666.0	1009.0	1352.0	1769.0	2031.0	2582.0	3084.0	4010.0	5603.0	7887.0	12132.0	20401.0	41277.0	44579.0
	11.0	12.0	13.0	14.0	15.0	16.0	17.0	18.0	19.0	20.0	21.0	22.0	23.0	24.0	25.0	26.0	27.0	28.0	29.0	30.0	31.0	32.0	33.0	34.0	35.0	36.0
SAH-9_2_val_2	1.0	5.0	8.0	9.0	13.0	17.0	31.0	65.0	78.0	119.0	209.0	261.0	465.0	719.0	1128.0	2061.0	3644.0	6382.0	10525.0	16507.0	24492.0	31398.0	30528.0	16857.0	3402.0	137.0

