Sample	FastQC_mqc-generalstats-fastqc-percent_duplicates	FastQC_mqc-generalstats-fastqc-percent_gc	FastQC_mqc-generalstats-fastqc-avg_sequence_length	FastQC_mqc-generalstats-fastqc-percent_fails	FastQC_mqc-generalstats-fastqc-total_sequences
DR1014-E_1_val_1	96.60533077262464	56.0	299.57211076795306	45.45454545454545	77062.0
DR1014-E_2_val_2	94.00223196906387	55.0	296.7602709506631	54.54545454545454	77062.0
DR1014-SAH_1_val_1	91.09168241965973	58.0	299.0109829867675	36.36363636363637	105800.0
DR1014-SAH_2_val_2	87.91682419659736	57.0	295.6656710775047	36.36363636363637	105800.0
DR1015-SAH_1_val_1	90.98772010260096	57.0	299.17282313725974	36.36363636363637	80701.0
DR1015-SAH_2_val_2	87.41403452249662	56.0	295.23577155177753	36.36363636363637	80701.0
DR1018-E_1_val_1	89.9814820627099	55.0	299.381940303192	45.45454545454545	31861.0
DR1018-E_2_val_2	86.26847870437211	56.0	295.8762122971658	45.45454545454545	31861.0
DR1018-SAH_1_val_1	91.42725441664246	58.0	299.05628651308206	36.36363636363637	99793.0
DR1018-SAH_2_val_2	87.93001513132184	57.0	295.2668624051787	36.36363636363637	99793.0
DR1019-E_1_val_1	88.36210739012867	56.0	299.0402638694916	36.36363636363637	67306.0
DR1019-E_2_val_2	84.27034736873384	55.0	295.29123703681694	54.54545454545454	67306.0
DR1019-SAH_1_val_1	90.63880162090788	58.0	299.1327459818786	36.36363636363637	87852.0
DR1019-SAH_2_val_2	86.73678459226882	57.0	295.6173336975823	36.36363636363637	87852.0
DR1020-SAH_1_val_1	90.90169365431782	58.0	299.1135573715229	36.36363636363637	86027.0
DR1020-SAH_2_val_2	87.24237739314401	57.0	295.38398409801573	36.36363636363637	86027.0
DR1021-SAH_1_val_1	91.72587299989937	58.0	299.1056858206702	36.36363636363637	99370.0
DR1021-SAH_2_val_2	88.58508604206502	57.0	295.42062996880344	36.36363636363637	99370.0
DR1025-E_1_val_1	89.54585047907969	57.0	299.1595830955456	45.45454545454545	66586.0
DR1025-E_2_val_2	85.61409305259363	56.0	295.36809539542844	45.45454545454545	66586.0
DR1025-SAH_1_val_1	91.80741748260218	58.0	299.1431978461166	36.36363636363637	107341.0
DR1025-SAH_2_val_2	88.5057899591023	57.0	295.51004741897316	36.36363636363637	107341.0
DR1027-E_1_val_1	91.24290122656433	54.0	299.06661826102743	36.36363636363637	77126.0
DR1027-E_2_val_2	86.96807820968286	53.0	295.6372170214973	54.54545454545454	77126.0
DR1027-H_1_val_1	91.3166782476609	57.0	299.04565066334857	36.36363636363637	123766.0
DR1027-H_2_val_2	89.47691611589613	56.0	296.1119532020102	45.45454545454545	123766.0
DR1027-SAH_1_val_1	91.1650744872737	58.0	299.16643285011247	36.36363636363637	89814.0
DR1027-SAH_2_val_2	87.8482196539515	56.0	295.7735765025497	36.36363636363637	89814.0
DR1028-SAH_1_val_1	90.2465483234714	58.0	298.892825443787	36.36363636363637	81120.0
DR1028-SAH_2_val_2	87.79462524654832	57.0	295.68035009861933	36.36363636363637	81120.0
DR1029-SAH_1_val_1	90.9393752709517	58.0	299.0576128870331	36.36363636363637	87654.0
DR1029-SAH_2_val_2	87.80318068770393	57.0	295.21609966459033	45.45454545454545	87654.0
DR1030-E_1_val_1	95.40960028764907	56.0	299.57207406963505	45.45454545454545	83435.0
DR1030-E_2_val_2	93.27140888116497	56.0	296.79952058488647	45.45454545454545	83435.0
DR1030-SAH_1_val_1	90.52990620051163	58.0	299.1127055670605	36.36363636363637	82090.0
DR1030-SAH_2_val_2	87.49055914240468	57.0	295.7439883055183	36.36363636363637	82090.0
DR1034-SAH_1_val_1	90.3226196961443	58.0	299.10627685975425	36.36363636363637	82605.0
DR1034-SAH_2_val_2	87.85182495006356	57.0	295.4959142909025	45.45454545454545	82605.0
DR1035-E_1_val_1	91.62586605080831	56.0	299.2735796766744	45.45454545454545	86600.0
DR1035-E_2_val_2	89.50577367205543	56.0	296.2773672055427	45.45454545454545	86600.0
DR1035-H_1_val_1	92.35191962402253	57.0	299.1935518686041	45.45454545454545	101921.0
DR1035-H_2_val_2	89.77050853111724	56.0	295.87382384395755	36.36363636363637	101921.0
DR1035-SAH_1_val_1	90.81752091320082	58.0	299.10413109543293	36.36363636363637	93123.0
DR1035-SAH_2_val_2	88.19518271533349	56.0	296.27024473008817	45.45454545454545	93123.0
DR1036-SAH_1_val_1	89.53434883751495	58.0	298.7262475850014	36.36363636363637	76087.0
DR1036-SAH_2_val_2	86.64160763336707	57.0	295.3906449196315	36.36363636363637	76087.0
DR1038-A-SAH_1_val_1	91.02741397543318	59.0	299.0710160253803	36.36363636363637	86051.0
DR1038-A-SAH_2_val_2	88.44871064833646	57.0	295.78552253895947	36.36363636363637	86051.0
DR1038-SAH_1_val_1	90.21690369669855	58.0	299.20486426848043	36.36363636363637	82479.0
DR1038-SAH_2_val_2	86.6523599946653	56.0	295.6939827107506	36.36363636363637	82479.0
DR1039-SAH_1_val_1	90.12790488200324	58.0	299.0864194353656	36.36363636363637	77714.0
DR1039-SAH_2_val_2	86.27917749697609	56.0	295.4639575880794	36.36363636363637	77714.0
DR1040-SAH_1_val_1	92.90115939204988	55.0	299.3577552611068	36.36363636363637	82112.0
DR1040-SAH_2_val_2	88.96994349181605	54.0	296.2781810210444	45.45454545454545	82112.0
DR1041-E_1_val_1	95.77253363986748	55.0	299.58431266481847	45.45454545454545	73945.0
DR1041-E_2_val_2	93.45594698762594	55.0	296.31023057678004	45.45454545454545	73945.0
DR1041-H_1_val_1	94.21074595722483	56.0	299.4466979655712	36.36363636363637	95850.0
DR1041-H_2_val_2	91.094418362024	55.0	296.49124673969743	45.45454545454545	95850.0
DR1041-SAH_1_val_1	92.8520095085411	57.0	299.29733539720274	27.27272727272727	72356.0
DR1041-SAH_2_val_2	89.17297805296036	56.0	296.0501133285422	45.45454545454545	72356.0
DR1042-E_1_val_1	94.98827766640618	54.0	299.5006625666814	36.36363636363637	88293.0
DR1042-E_2_val_2	92.74574428323876	54.0	296.8913277383258	45.45454545454545	88293.0
DR1042-H_1_val_1	93.9503694185673	56.0	299.3632830067459	45.45454545454545	124520.0
DR1042-H_2_val_2	91.53389013813042	55.0	296.68014776742694	45.45454545454545	124520.0
DR1042-SAH_1_val_1	92.71689193053358	56.0	299.306727414835	27.27272727272727	104914.0
DR1042-SAH_2_val_2	89.17208380197114	55.0	296.33454067140707	36.36363636363637	104914.0
DR1043-E_1_val_1	93.50820498716539	55.0	299.3528144481115	45.45454545454545	87264.0
DR1043-E_2_val_2	91.36757425742574	55.0	296.25323157315734	45.45454545454545	87264.0
DR1043-H_1_val_1	93.76407719825112	55.0	299.30742392792473	45.45454545454545	90572.0
DR1043-H_2_val_2	90.06646645762487	55.0	296.47992757143487	54.54545454545454	90572.0
DR1043-SAH_1_val_1	92.07700152341144	56.0	299.342440228134	27.27272727272727	79427.0
DR1043-SAH_2_val_2	87.80137736537954	56.0	295.99277323831944	36.36363636363637	79427.0
DR1044-E_1_val_1	95.91472833000182	55.0	299.57518626203887	45.45454545454545	88048.0
DR1044-E_2_val_2	94.48482645829547	55.0	296.9142286025804	54.54545454545454	88048.0
DR1044-SAH_1_val_1	92.45397107458413	56.0	299.10030110074536	36.36363636363637	81036.0
DR1044-SAH_2_val_2	89.18998963423664	55.0	295.88123796831036	36.36363636363637	81036.0
DR1045-E_1_val_1	96.21311654896809	55.0	299.5897520118246	45.45454545454545	73068.0
DR1045-E_2_val_2	94.0124267805332	55.0	296.9421908359337	45.45454545454545	73068.0
DR1045-H_1_val_1	94.35876827246697	55.0	299.4547646556488	45.45454545454545	79628.0
DR1045-H_2_val_2	91.76545938614558	55.0	296.7246194805847	45.45454545454545	79628.0
DR1045-SAH_1_val_1	90.85055572914342	56.0	299.1118153818685	36.36363636363637	89612.0
DR1045-SAH_2_val_2	88.23929830826229	55.0	296.4818104718118	45.45454545454545	89612.0
DR1046-E_1_val_1	94.573512396157	55.0	299.4290357388942	36.36363636363637	76919.0
DR1046-E_2_val_2	91.7900648734383	55.0	295.8639347885438	45.45454545454545	76919.0
DR1046-H_1_val_1	93.07002787054009	56.0	299.3853667110252	36.36363636363637	79654.0
DR1046-H_2_val_2	88.88568056845858	55.0	296.43234489165644	45.45454545454545	79654.0
DR1046-SAH_1_val_1	91.7707195694518	56.0	299.27167096389206	45.45454545454545	88817.0
DR1046-SAH_2_val_2	87.53391805622798	55.0	296.32135739779545	54.54545454545454	88817.0
DR1047-E_1_val_1	92.77499594171047	56.0	299.2826442565838	45.45454545454545	80083.0
DR1047-E_2_val_2	89.12128666508497	56.0	295.82857785048014	45.45454545454545	80083.0
DR1047-H_1_val_1	92.90238876593146	57.0	299.3148134015111	36.36363636363637	78618.0
DR1047-H_2_val_2	88.76974738609479	56.0	295.76437965860237	36.36363636363637	78618.0
DR1047-SAH_1_val_1	92.03038967790722	57.0	299.2745705035801	36.36363636363637	84634.0
DR1047-SAH_2_val_2	87.72833612968783	56.0	295.5645248954321	36.36363636363637	84634.0
DR1048-E_1_val_1	95.84258094039583	55.0	299.53444685962705	45.45454545454545	87410.0
DR1048-E_2_val_2	92.37043816496968	55.0	296.05136712046675	45.45454545454545	87410.0
DR1048-H_1_val_1	94.62189362761166	56.0	299.28834177076885	45.45454545454545	82371.0
DR1048-H_2_val_2	91.86728338857122	55.0	296.6074225152056	54.54545454545454	82371.0
DR1048-SAH_1_val_1	93.64315238085842	57.0	299.3069418275444	36.36363636363637	101371.0
DR1048-SAH_2_val_2	89.29476872083733	56.0	295.73327677540914	45.45454545454545	101371.0
DR1049-E_1_val_1	93.36137745457023	56.0	299.3869748113834	45.45454545454545	117434.0
DR1049-E_2_val_2	91.13970400395115	55.0	296.1399935282797	45.45454545454545	117434.0
DR1049-H_1_val_1	91.07595689947178	57.0	299.1680169912023	36.36363636363637	109233.0
DR1049-H_2_val_2	88.24439500883433	56.0	295.72358170150045	45.45454545454545	109233.0
DR1049-SAH_1_val_1	91.1803503875631	57.0	299.2036804866615	27.27272727272727	91727.0
DR1049-SAH_2_val_2	87.38975437984453	56.0	296.12923130594044	36.36363636363637	91727.0
E-10_1_val_1	96.90307482938539	55.0	299.2544882063746	36.36363636363637	199133.0
E-10_2_val_2	97.05021267193283	55.0	287.49502091566944	54.54545454545454	199133.0
E-1_1_val_1	93.54830051266451	56.0	298.6860041693135	45.45454545454545	111769.0
E-1_2_val_2	93.99923055587864	55.0	284.95770741439935	45.45454545454545	111769.0
E-2_1_val_1	94.23185901544922	55.0	298.9794227214032	45.45454545454545	107643.0
E-2_2_val_2	94.84220989753166	54.0	286.00811943182555	54.54545454545454	107643.0
E-3_1_val_1	93.80850504289481	56.0	298.52508653593287	45.45454545454545	140693.0
E-3_2_val_2	94.52069399330458	55.0	286.0018906413254	54.54545454545454	140693.0
E-4_1_val_1	97.35511748047023	55.0	299.3798660959059	36.36363636363637	198799.0
E-4_2_val_2	96.98740939340742	55.0	286.52158210051357	54.54545454545454	198799.0
E-5_1_val_1	95.41644108349779	55.0	299.3658289526537	45.45454545454545	114518.0
E-5_2_val_2	95.6085506208631	55.0	286.50475907717566	54.54545454545454	114518.0
E-6_1_val_1	96.83289268308222	54.0	299.50130602363583	45.45454545454545	125572.0
E-6_2_val_2	97.05666868410155	55.0	288.0815946230051	54.54545454545454	125572.0
E-7_1_val_1	95.99864086466896	55.0	299.20278622742865	45.45454545454545	123608.0
E-7_2_val_2	96.2890751407676	55.0	286.93005307099867	54.54545454545454	123608.0
E-8_1_val_1	93.68949986555526	56.0	299.0609370798602	36.36363636363637	119008.0
E-8_2_val_2	93.98107690239311	56.0	286.19591960204355	54.54545454545454	119008.0
E-9_1_val_1	96.37553095836046	55.0	299.30136111369484	36.36363636363637	161265.0
E-9_2_val_2	96.42141816265153	55.0	286.4413728955446	54.54545454545454	161265.0
H-10_1_val_1	97.39854760903563	55.0	299.49001894628424	45.45454545454545	211651.0
H-10_2_val_2	97.43776311002547	55.0	287.56589857831995	54.54545454545454	211651.0
H-1_1_val_1	94.63323349380838	56.0	299.0930284830142	36.36363636363637	191307.0
H-1_2_val_2	94.27307939594473	56.0	286.3491351597171	45.45454545454545	191307.0
H-2_1_val_1	95.03451336160143	56.0	299.145301252342	36.36363636363637	202820.0
H-2_2_val_2	95.0152844887092	56.0	285.13011537323735	45.45454545454545	202820.0
H-3_1_val_1	91.59392372964011	57.0	298.95713449722035	36.36363636363637	82024.0
H-3_2_val_2	90.84780064371404	56.0	282.1237442699698	45.45454545454545	82024.0
H-4_1_val_1	94.66474186073016	56.0	299.37280705086806	36.36363636363637	131615.0
H-4_2_val_2	94.14504425787334	55.0	285.715336397827	54.54545454545454	131615.0
H-5_1_val_1	95.22636350998594	55.0	299.17576188196045	36.36363636363637	129482.0
H-5_2_val_2	95.16380655226209	55.0	286.0809069986562	54.54545454545454	129482.0
H-6_1_val_1	94.3097118337909	56.0	299.1167989357609	36.36363636363637	153349.0
H-6_2_val_2	94.34622984173356	56.0	286.30239519005664	45.45454545454545	153349.0
H-7_1_val_1	94.6310541489884	55.0	299.15121680998124	45.45454545454545	158858.0
H-7_2_val_2	94.67826612446336	55.0	285.8000100718881	45.45454545454545	158858.0
H-8_1_val_1	94.02731887635613	57.0	298.8668363019508	36.36363636363637	157986.0
H-8_2_val_2	94.065296925044	56.0	286.63853759193853	45.45454545454545	157986.0
H-9_1_val_1	95.35715470621413	55.0	299.19385554560233	45.45454545454545	150705.0
H-9_2_val_2	95.56949006336883	55.0	284.92933877442687	54.54545454545454	150705.0
SAH-10_1_val_1	94.23514661667863	56.0	298.8433897727411	36.36363636363637	164306.0
SAH-10_2_val_2	94.21749662215622	56.0	286.19436904312687	45.45454545454545	164306.0
SAH-1_1_val_1	94.03494752876398	57.0	299.12416423715376	36.36363636363637	160183.0
SAH-1_2_val_2	93.75214598303191	56.0	286.2536099336384	45.45454545454545	160183.0
SAH-2_1_val_1	94.38333490732502	56.0	299.12710065759717	36.36363636363637	201187.0
SAH-2_2_val_2	94.07814620228942	56.0	284.38880245741524	45.45454545454545	201187.0
SAH-3_1_val_1	92.28975829489606	57.0	298.17225176475665	36.36363636363637	138971.0
SAH-3_2_val_2	93.01868735203747	56.0	285.6957638644034	45.45454545454545	138971.0
SAH-4_1_val_1	94.49326372416878	57.0	299.04666835392374	36.36363636363637	169901.0
SAH-4_2_val_2	93.86760525247055	56.0	285.5440403529114	45.45454545454545	169901.0
SAH-5_1_val_1	94.44428738628204	56.0	299.17216150353664	36.36363636363637	176863.0
SAH-5_2_val_2	94.00439888501269	56.0	285.9408807947394	45.45454545454545	176863.0
SAH-6_1_val_1	93.31997501821589	56.0	298.84899031955865	36.36363636363637	153712.0
SAH-6_2_val_2	93.12870823357969	56.0	285.0744248985115	45.45454545454545	153712.0
SAH-7_1_val_1	91.68133923904371	57.0	298.216608434895	27.27272727272727	145396.0
SAH-7_2_val_2	92.11670197254395	56.0	284.8865030674847	45.45454545454545	145396.0
SAH-8_1_val_1	92.99769879826131	57.0	298.71311684991053	27.27272727272727	195550.0
SAH-8_2_val_2	92.92354896445921	56.0	285.44043978522114	45.45454545454545	195550.0
SAH-9_1_val_1	93.21485834658294	56.0	299.04590738020005	36.36363636363637	149061.0
SAH-9_2_val_2	92.76604879881391	55.0	285.9005239465722	45.45454545454545	149061.0
