	17.0	18.0	19.0	20.0	21.0	22.0	23.0	24.0	25.0	26.0	27.0	28.0	29.0	30.0	31.0	32.0	33.0	34.0	35.0	36.0	37.0
DR1014-E_1	2.0	3.0	6.0	31.0	43.0	128.0	239.0	328.0	488.0	624.0	758.0	948.0	1127.0	1377.0	1691.0	2249.0	3087.0	4367.0	7068.0	13785.0	41599.0
	12.0	13.0	14.0	15.0	16.0	17.0	18.0	19.0	20.0	21.0	22.0	23.0	24.0	25.0	26.0	27.0	28.0	29.0	30.0	31.0	32.0	33.0	34.0	35.0	36.0	37.0
DR1014-E_2	4.0	42.0	259.0	445.0	385.0	256.0	235.0	273.0	331.0	362.0	439.0	563.0	736.0	1001.0	1343.0	1848.0	2739.0	3970.0	5576.0	7570.0	9679.0	12228.0	14602.0	12154.0	2894.0	14.0
	17.0	18.0	19.0	20.0	21.0	22.0	23.0	24.0	25.0	26.0	27.0	28.0	29.0	30.0	31.0	32.0	33.0	34.0	35.0	36.0	37.0
DR1014-SAH_1	1.0	6.0	37.0	98.0	191.0	515.0	825.0	1120.0	1341.0	1507.0	1700.0	2014.0	2280.0	2527.0	3034.0	3739.0	4850.0	6739.0	10345.0	19774.0	49259.0
	12.0	13.0	14.0	15.0	16.0	17.0	18.0	19.0	20.0	21.0	22.0	23.0	24.0	25.0	26.0	27.0	28.0	29.0	30.0	31.0	32.0	33.0	34.0	35.0	36.0	37.0
DR1014-SAH_2	11.0	287.0	742.0	595.0	402.0	381.0	442.0	547.0	566.0	604.0	758.0	949.0	1180.0	1740.0	2429.0	3189.0	4446.0	6252.0	8514.0	11032.0	13561.0	16153.0	17688.0	14879.0	4509.0	46.0
	17.0	18.0	19.0	20.0	21.0	22.0	23.0	24.0	25.0	26.0	27.0	28.0	29.0	30.0	31.0	32.0	33.0	34.0	35.0	36.0	37.0
DR1015-SAH_1	2.0	4.0	33.0	65.0	81.0	190.0	354.0	503.0	720.0	901.0	1069.0	1249.0	1574.0	1894.0	2278.0	2994.0	3958.0	5617.0	8678.0	16544.0	36627.0
	12.0	13.0	14.0	15.0	16.0	17.0	18.0	19.0	20.0	21.0	22.0	23.0	24.0	25.0	26.0	27.0	28.0	29.0	30.0	31.0	32.0	33.0	34.0	35.0	36.0	37.0
DR1015-SAH_2	22.0	212.0	553.0	372.0	269.0	275.0	349.0	338.0	402.0	480.0	557.0	735.0	933.0	1318.0	1957.0	2665.0	3768.0	5250.0	7090.0	9175.0	11227.0	12854.0	13361.0	9234.0	1927.0	12.0
	17.0	18.0	19.0	20.0	21.0	22.0	23.0	24.0	25.0	26.0	27.0	28.0	29.0	30.0	31.0	32.0	33.0	34.0	35.0	36.0	37.0
DR1018-E_1	1.0	0.0	2.0	17.0	35.0	79.0	132.0	208.0	263.0	338.0	368.0	467.0	538.0	638.0	832.0	976.0	1390.0	1875.0	3036.0	5834.0	17260.0
	12.0	13.0	14.0	15.0	16.0	17.0	18.0	19.0	20.0	21.0	22.0	23.0	24.0	25.0	26.0	27.0	28.0	29.0	30.0	31.0	32.0	33.0	34.0	35.0	36.0	37.0
DR1018-E_2	8.0	205.0	415.0	291.0	195.0	192.0	187.0	191.0	232.0	244.0	288.0	324.0	394.0	567.0	745.0	930.0	1257.0	1740.0	2302.0	3332.0	3893.0	4778.0	5367.0	4759.0	1449.0	4.0
	16.0	17.0	18.0	19.0	20.0	21.0	22.0	23.0	24.0	25.0	26.0	27.0	28.0	29.0	30.0	31.0	32.0	33.0	34.0	35.0	36.0	37.0
DR1018-SAH_1	1.0	1.0	7.0	21.0	56.0	147.0	325.0	607.0	888.0	1053.0	1347.0	1546.0	1788.0	2109.0	2433.0	3027.0	3800.0	4832.0	6684.0	10648.0	19961.0	44279.0
	12.0	13.0	14.0	15.0	16.0	17.0	18.0	19.0	20.0	21.0	22.0	23.0	24.0	25.0	26.0	27.0	28.0	29.0	30.0	31.0	32.0	33.0	34.0	35.0	36.0	37.0
DR1018-SAH_2	50.0	443.0	597.0	412.0	310.0	300.0	334.0	434.0	504.0	596.0	646.0	868.0	1155.0	1681.0	2318.0	3245.0	4618.0	6576.0	8767.0	11358.0	13864.0	16157.0	16663.0	11261.0	2393.0	10.0
	18.0	19.0	20.0	21.0	22.0	23.0	24.0	25.0	26.0	27.0	28.0	29.0	30.0	31.0	32.0	33.0	34.0	35.0	36.0	37.0
DR1019-E_1	9.0	36.0	53.0	139.0	262.0	417.0	595.0	772.0	933.0	1020.0	1153.0	1370.0	1555.0	1885.0	2312.0	3042.0	4298.0	6645.0	12911.0	32728.0
	11.0	12.0	13.0	14.0	15.0	16.0	17.0	18.0	19.0	20.0	21.0	22.0	23.0	24.0	25.0	26.0	27.0	28.0	29.0	30.0	31.0	32.0	33.0	34.0	35.0	36.0	37.0
DR1019-E_2	1.0	32.0	255.0	588.0	429.0	322.0	324.0	399.0	478.0	493.0	548.0	612.0	794.0	1017.0	1297.0	1719.0	2232.0	3039.0	4303.0	5463.0	6998.0	8558.0	10200.0	10920.0	8675.0	2424.0	15.0
	18.0	19.0	20.0	21.0	22.0	23.0	24.0	25.0	26.0	27.0	28.0	29.0	30.0	31.0	32.0	33.0	34.0	35.0	36.0	37.0
DR1019-SAH_1	8.0	17.0	40.0	120.0	288.0	484.0	738.0	863.0	1071.0	1319.0	1480.0	1718.0	1916.0	2488.0	2976.0	4017.0	5395.0	8265.0	16321.0	43166.0
	11.0	12.0	13.0	14.0	15.0	16.0	17.0	18.0	19.0	20.0	21.0	22.0	23.0	24.0	25.0	26.0	27.0	28.0	29.0	30.0	31.0	32.0	33.0	34.0	35.0	36.0	37.0
DR1019-SAH_2	1.0	10.0	139.0	540.0	647.0	397.0	336.0	313.0	394.0	430.0	529.0	647.0	827.0	1025.0	1418.0	1887.0	2708.0	3668.0	5306.0	7242.0	9176.0	11533.0	13773.0	14700.0	11744.0	3275.0	25.0
	17.0	18.0	19.0	20.0	21.0	22.0	23.0	24.0	25.0	26.0	27.0	28.0	29.0	30.0	31.0	32.0	33.0	34.0	35.0	36.0	37.0
DR1020-SAH_1	2.0	10.0	24.0	68.0	106.0	307.0	506.0	728.0	966.0	1186.0	1346.0	1487.0	1795.0	2015.0	2492.0	3117.0	4192.0	5520.0	8703.0	16387.0	39981.0
	12.0	13.0	14.0	15.0	16.0	17.0	18.0	19.0	20.0	21.0	22.0	23.0	24.0	25.0	26.0	27.0	28.0	29.0	30.0	31.0	32.0	33.0	34.0	35.0	36.0	37.0
DR1020-SAH_2	7.0	178.0	544.0	568.0	407.0	309.0	379.0	431.0	480.0	471.0	643.0	735.0	1033.0	1457.0	1895.0	2855.0	4000.0	5467.0	7493.0	9540.0	11594.0	13416.0	14205.0	10365.0	2448.0	18.0
	17.0	18.0	19.0	20.0	21.0	22.0	23.0	24.0	25.0	26.0	27.0	28.0	29.0	30.0	31.0	32.0	33.0	34.0	35.0	36.0	37.0
DR1021-SAH_1	2.0	9.0	24.0	89.0	112.0	289.0	552.0	759.0	962.0	1260.0	1472.0	1676.0	2035.0	2333.0	2773.0	3689.0	4597.0	6468.0	10186.0	19220.0	46296.0
	12.0	13.0	14.0	15.0	16.0	17.0	18.0	19.0	20.0	21.0	22.0	23.0	24.0	25.0	26.0	27.0	28.0	29.0	30.0	31.0	32.0	33.0	34.0	35.0	36.0	37.0
DR1021-SAH_2	19.0	278.0	644.0	494.0	318.0	315.0	336.0	435.0	488.0	505.0	699.0	826.0	1074.0	1574.0	2183.0	3088.0	4326.0	6004.0	8124.0	10724.0	13604.0	16037.0	16780.0	12820.0	3084.0	24.0
	18.0	19.0	20.0	21.0	22.0	23.0	24.0	25.0	26.0	27.0	28.0	29.0	30.0	31.0	32.0	33.0	34.0	35.0	36.0	37.0
DR1025-E_1	3.0	17.0	60.0	94.0	187.0	344.0	518.0	666.0	823.0	970.0	1176.0	1325.0	1548.0	1973.0	2494.0	3187.0	4601.0	6952.0	13429.0	30944.0
	11.0	12.0	13.0	14.0	15.0	16.0	17.0	18.0	19.0	20.0	21.0	22.0	23.0	24.0	25.0	26.0	27.0	28.0	29.0	30.0	31.0	32.0	33.0	34.0	35.0	36.0	37.0
DR1025-E_2	1.0	10.0	146.0	466.0	424.0	282.0	323.0	392.0	493.0	534.0	581.0	648.0	828.0	960.0	1267.0	1711.0	2256.0	3137.0	4109.0	5476.0	6962.0	8579.0	10060.0	10898.0	8425.0	2322.0	21.0
	16.0	17.0	18.0	19.0	20.0	21.0	22.0	23.0	24.0	25.0	26.0	27.0	28.0	29.0	30.0	31.0	32.0	33.0	34.0	35.0	36.0	37.0
DR1025-SAH_1	2.0	2.0	10.0	28.0	80.0	142.0	353.0	577.0	814.0	1064.0	1364.0	1608.0	1888.0	2125.0	2544.0	3102.0	3894.0	4926.0	6953.0	10351.0	19477.0	51778.0
	12.0	13.0	14.0	15.0	16.0	17.0	18.0	19.0	20.0	21.0	22.0	23.0	24.0	25.0	26.0	27.0	28.0	29.0	30.0	31.0	32.0	33.0	34.0	35.0	36.0	37.0
DR1025-SAH_2	23.0	296.0	637.0	533.0	331.0	329.0	369.0	451.0	578.0	618.0	738.0	853.0	1169.0	1709.0	2305.0	3258.0	4720.0	6618.0	8987.0	11701.0	14660.0	16947.0	18175.0	13785.0	3266.0	26.0
	17.0	18.0	19.0	20.0	21.0	22.0	23.0	24.0	25.0	26.0	27.0	28.0	29.0	30.0	31.0	32.0	33.0	34.0	35.0	36.0	37.0
DR1027-E_1	1.0	9.0	27.0	95.0	138.0	310.0	539.0	748.0	848.0	997.0	1157.0	1310.0	1521.0	1825.0	2160.0	2801.0	3494.0	4717.0	7192.0	13683.0	38794.0
	12.0	13.0	14.0	15.0	16.0	17.0	18.0	19.0	20.0	21.0	22.0	23.0	24.0	25.0	26.0	27.0	28.0	29.0	30.0	31.0	32.0	33.0	34.0	35.0	36.0	37.0
DR1027-E_2	34.0	262.0	638.0	452.0	353.0	385.0	527.0	508.0	592.0	703.0	750.0	930.0	1158.0	1408.0	1874.0	2466.0	3309.0	4385.0	5879.0	7521.0	9209.0	10973.0	12643.0	11416.0	3963.0	28.0
	17.0	18.0	19.0	20.0	21.0	22.0	23.0	24.0	25.0	26.0	27.0	28.0	29.0	30.0	31.0	32.0	33.0	34.0	35.0	36.0	37.0
DR1027-H_1	2.0	2.0	27.0	41.0	169.0	444.0	804.0	1119.0	1347.0	1624.0	1858.0	2163.0	2568.0	3032.0	3707.0	4742.0	6157.0	8634.0	13381.0	25846.0	52065.0
	12.0	13.0	14.0	15.0	16.0	17.0	18.0	19.0	20.0	21.0	22.0	23.0	24.0	25.0	26.0	27.0	28.0	29.0	30.0	31.0	32.0	33.0	34.0	35.0	36.0	37.0
DR1027-H_2	11.0	147.0	696.0	858.0	506.0	390.0	417.0	468.0	536.0	638.0	760.0	980.0	1173.0	1683.0	2314.0	3349.0	4673.0	6480.0	9210.0	12353.0	15964.0	19324.0	22265.0	18860.0	5623.0	54.0
	18.0	19.0	20.0	21.0	22.0	23.0	24.0	25.0	26.0	27.0	28.0	29.0	30.0	31.0	32.0	33.0	34.0	35.0	36.0	37.0
DR1027-SAH_1	7.0	26.0	57.0	109.0	268.0	467.0	653.0	854.0	1077.0	1253.0	1496.0	1804.0	2018.0	2481.0	3030.0	4164.0	5885.0	8906.0	17323.0	42134.0
	12.0	13.0	14.0	15.0	16.0	17.0	18.0	19.0	20.0	21.0	22.0	23.0	24.0	25.0	26.0	27.0	28.0	29.0	30.0	31.0	32.0	33.0	34.0	35.0	36.0	37.0
DR1027-SAH_2	20.0	259.0	474.0	322.0	237.0	225.0	288.0	319.0	362.0	433.0	490.0	616.0	846.0	1254.0	1713.0	2439.0	3389.0	4827.0	6988.0	9368.0	11851.0	14452.0	15991.0	13014.0	3798.0	37.0
	17.0	18.0	19.0	20.0	21.0	22.0	23.0	24.0	25.0	26.0	27.0	28.0	29.0	30.0	31.0	32.0	33.0	34.0	35.0	36.0	37.0
DR1028-SAH_1	3.0	7.0	32.0	64.0	157.0	389.0	671.0	824.0	963.0	1229.0	1288.0	1541.0	1770.0	2096.0	2625.0	3298.0	4450.0	6444.0	9966.0	18624.0	28830.0
	11.0	12.0	13.0	14.0	15.0	16.0	17.0	18.0	19.0	20.0	21.0	22.0	23.0	24.0	25.0	26.0	27.0	28.0	29.0	30.0	31.0	32.0	33.0	34.0	35.0	36.0	37.0
DR1028-SAH_2	1.0	15.0	136.0	487.0	403.0	271.0	211.0	238.0	313.0	379.0	410.0	489.0	666.0	900.0	1134.0	1583.0	2255.0	3230.0	4676.0	6410.0	8567.0	10977.0	13132.0	14200.0	11069.0	3096.0	23.0
	17.0	18.0	19.0	20.0	21.0	22.0	23.0	24.0	25.0	26.0	27.0	28.0	29.0	30.0	31.0	32.0	33.0	34.0	35.0	36.0	37.0
DR1029-SAH_1	2.0	5.0	30.0	58.0	137.0	339.0	620.0	827.0	1092.0	1262.0	1451.0	1588.0	1860.0	2225.0	2486.0	3247.0	4084.0	5622.0	8639.0	16650.0	40752.0
	12.0	13.0	14.0	15.0	16.0	17.0	18.0	19.0	20.0	21.0	22.0	23.0	24.0	25.0	26.0	27.0	28.0	29.0	30.0	31.0	32.0	33.0	34.0	35.0	36.0	37.0
DR1029-SAH_2	6.0	147.0	525.0	519.0	314.0	336.0	362.0	455.0	497.0	570.0	686.0	812.0	1100.0	1592.0	2189.0	3063.0	4201.0	5716.0	7605.0	9776.0	11845.0	13558.0	13957.0	10397.0	2730.0	18.0
	17.0	18.0	19.0	20.0	21.0	22.0	23.0	24.0	25.0	26.0	27.0	28.0	29.0	30.0	31.0	32.0	33.0	34.0	35.0	36.0	37.0
DR1030-E_1	1.0	9.0	20.0	79.0	99.0	187.0	395.0	513.0	660.0	828.0	928.0	1155.0	1296.0	1610.0	2028.0	2494.0	3461.0	4995.0	7880.0	14625.0	44180.0
	12.0	13.0	14.0	15.0	16.0	17.0	18.0	19.0	20.0	21.0	22.0	23.0	24.0	25.0	26.0	27.0	28.0	29.0	30.0	31.0	32.0	33.0	34.0	35.0	36.0	37.0
DR1030-E_2	6.0	95.0	460.0	593.0	343.0	334.0	367.0	425.0	388.0	490.0	520.0	689.0	801.0	1036.0	1374.0	2015.0	2742.0	3948.0	5570.0	7642.0	10174.0	12668.0	15305.0	14776.0	4646.0	36.0
	17.0	18.0	19.0	20.0	21.0	22.0	23.0	24.0	25.0	26.0	27.0	28.0	29.0	30.0	31.0	32.0	33.0	34.0	35.0	36.0	37.0
DR1030-SAH_1	3.0	3.0	24.0	62.0	118.0	304.0	514.0	759.0	868.0	1120.0	1244.0	1402.0	1711.0	1921.0	2308.0	2885.0	3818.0	5307.0	8125.0	15847.0	37839.0
	12.0	13.0	14.0	15.0	16.0	17.0	18.0	19.0	20.0	21.0	22.0	23.0	24.0	25.0	26.0	27.0	28.0	29.0	30.0	31.0	32.0	33.0	34.0	35.0	36.0	37.0
DR1030-SAH_2	11.0	222.0	494.0	354.0	235.0	223.0	273.0	345.0	385.0	390.0	501.0	639.0	861.0	1231.0	1709.0	2422.0	3492.0	4872.0	6719.0	9027.0	10904.0	13273.0	14214.0	10751.0	2619.0	16.0
	17.0	18.0	19.0	20.0	21.0	22.0	23.0	24.0	25.0	26.0	27.0	28.0	29.0	30.0	31.0	32.0	33.0	34.0	35.0	36.0	37.0
DR1034-SAH_1	2.0	5.0	21.0	47.0	110.0	280.0	471.0	724.0	911.0	1034.0	1261.0	1455.0	1679.0	1960.0	2373.0	2918.0	3859.0	5257.0	8198.0	15617.0	38732.0
	12.0	13.0	14.0	15.0	16.0	17.0	18.0	19.0	20.0	21.0	22.0	23.0	24.0	25.0	26.0	27.0	28.0	29.0	30.0	31.0	32.0	33.0	34.0	35.0	36.0	37.0
DR1034-SAH_2	5.0	138.0	436.0	447.0	301.0	223.0	283.0	302.0	381.0	462.0	555.0	709.0	891.0	1264.0	1888.0	2611.0	3589.0	5225.0	7066.0	9122.0	11180.0	13032.0	13526.0	10438.0	2808.0	32.0
	17.0	18.0	19.0	20.0	21.0	22.0	23.0	24.0	25.0	26.0	27.0	28.0	29.0	30.0	31.0	32.0	33.0	34.0	35.0	36.0	37.0
DR1035-E_1	2.0	5.0	15.0	24.0	86.0	219.0	467.0	584.0	761.0	1053.0	1153.0	1261.0	1630.0	1884.0	2436.0	3009.0	3734.0	5327.0	8371.0	15932.0	43063.0
	12.0	13.0	14.0	15.0	16.0	17.0	18.0	19.0	20.0	21.0	22.0	23.0	24.0	25.0	26.0	27.0	28.0	29.0	30.0	31.0	32.0	33.0	34.0	35.0	36.0	37.0
DR1035-E_2	5.0	97.0	472.0	662.0	483.0	367.0	359.0	345.0	424.0	514.0	628.0	711.0	950.0	1293.0	1759.0	2397.0	3270.0	4635.0	6241.0	8498.0	10781.0	13219.0	15193.0	13527.0	4148.0	38.0
	16.0	17.0	18.0	19.0	20.0	21.0	22.0	23.0	24.0	25.0	26.0	27.0	28.0	29.0	30.0	31.0	32.0	33.0	34.0	35.0	36.0	37.0
DR1035-H_1	2.0	3.0	4.0	14.0	42.0	120.0	337.0	574.0	800.0	1088.0	1243.0	1456.0	1772.0	2018.0	2399.0	2835.0	3578.0	4458.0	6198.0	9868.0	18864.0	49799.0
	12.0	13.0	14.0	15.0	16.0	17.0	18.0	19.0	20.0	21.0	22.0	23.0	24.0	25.0	26.0	27.0	28.0	29.0	30.0	31.0	32.0	33.0	34.0	35.0	36.0	37.0
DR1035-H_2	4.0	153.0	643.0	863.0	528.0	362.0	378.0	446.0	480.0	602.0	708.0	877.0	1150.0	1584.0	2183.0	2891.0	4033.0	5793.0	7709.0	10266.0	13324.0	15844.0	17943.0	14685.0	3995.0	28.0
	17.0	18.0	19.0	20.0	21.0	22.0	23.0	24.0	25.0	26.0	27.0	28.0	29.0	30.0	31.0	32.0	33.0	34.0	35.0	36.0	37.0
DR1035-SAH_1	4.0	9.0	24.0	75.0	153.0	357.0	638.0	792.0	1001.0	1128.0	1413.0	1516.0	1848.0	2108.0	2585.0	3309.0	4274.0	6091.0	9321.0	18290.0	42018.0
	12.0	13.0	14.0	15.0	16.0	17.0	18.0	19.0	20.0	21.0	22.0	23.0	24.0	25.0	26.0	27.0	28.0	29.0	30.0	31.0	32.0	33.0	34.0	35.0	36.0	37.0
DR1035-SAH_2	10.0	139.0	431.0	478.0	249.0	222.0	257.0	316.0	373.0	416.0	507.0	596.0	819.0	1128.0	1625.0	2337.0	3192.0	4797.0	6570.0	9051.0	11817.0	14501.0	17002.0	15093.0	4976.0	52.0
	16.0	17.0	18.0	19.0	20.0	21.0	22.0	23.0	24.0	25.0	26.0	27.0	28.0	29.0	30.0	31.0	32.0	33.0	34.0	35.0	36.0	37.0
DR1036-SAH_1	2.0	1.0	8.0	44.0	88.0	228.0	553.0	848.0	990.0	1075.0	1272.0	1453.0	1655.0	1790.0	2265.0	2710.0	3367.0	4487.0	6335.0	9562.0	17318.0	24907.0
	12.0	13.0	14.0	15.0	16.0	17.0	18.0	19.0	20.0	21.0	22.0	23.0	24.0	25.0	26.0	27.0	28.0	29.0	30.0	31.0	32.0	33.0	34.0	35.0	36.0	37.0
DR1036-SAH_2	20.0	293.0	633.0	459.0	299.0	306.0	332.0	391.0	418.0	442.0	565.0	685.0	911.0	1272.0	1817.0	2408.0	3351.0	4616.0	6304.0	8179.0	10388.0	12323.0	12808.0	9477.0	2247.0	14.0
	16.0	17.0	18.0	19.0	20.0	21.0	22.0	23.0	24.0	25.0	26.0	27.0	28.0	29.0	30.0	31.0	32.0	33.0	34.0	35.0	36.0	37.0
DR1038-A-SAH_1	2.0	5.0	8.0	18.0	72.0	113.0	275.0	503.0	726.0	924.0	1116.0	1242.0	1537.0	1714.0	2066.0	2436.0	3123.0	4022.0	5647.0	8548.0	16354.0	39542.0
	12.0	13.0	14.0	15.0	16.0	17.0	18.0	19.0	20.0	21.0	22.0	23.0	24.0	25.0	26.0	27.0	28.0	29.0	30.0	31.0	32.0	33.0	34.0	35.0	36.0	37.0
DR1038-A-SAH_2	4.0	117.0	405.0	406.0	234.0	207.0	252.0	323.0	347.0	416.0	514.0	608.0	835.0	1259.0	1665.0	2389.0	3472.0	4954.0	7018.0	9313.0	11529.0	13936.0	14925.0	11721.0	3117.0	27.0
	16.0	17.0	18.0	19.0	20.0	21.0	22.0	23.0	24.0	25.0	26.0	27.0	28.0	29.0	30.0	31.0	32.0	33.0	34.0	35.0	36.0	37.0
DR1038-SAH_1	1.0	1.0	5.0	24.0	55.0	85.0	223.0	375.0	538.0	729.0	917.0	1062.0	1332.0	1547.0	1902.0	2236.0	2786.0	3814.0	5411.0	8578.0	16230.0	39020.0
	12.0	13.0	14.0	15.0	16.0	17.0	18.0	19.0	20.0	21.0	22.0	23.0	24.0	25.0	26.0	27.0	28.0	29.0	30.0	31.0	32.0	33.0	34.0	35.0	36.0	37.0
DR1038-SAH_2	16.0	253.0	535.0	426.0	275.0	244.0	306.0	364.0	422.0	483.0	503.0	685.0	948.0	1289.0	1792.0	2441.0	3500.0	4983.0	6788.0	9229.0	11225.0	13114.0	14236.0	10425.0	2375.0	14.0
	17.0	18.0	19.0	20.0	21.0	22.0	23.0	24.0	25.0	26.0	27.0	28.0	29.0	30.0	31.0	32.0	33.0	34.0	35.0	36.0	37.0
DR1039-SAH_1	2.0	9.0	28.0	57.0	113.0	312.0	551.0	703.0	959.0	1092.0	1284.0	1400.0	1701.0	1930.0	2279.0	2935.0	3616.0	5197.0	7643.0	14361.0	36137.0
	12.0	13.0	14.0	15.0	16.0	17.0	18.0	19.0	20.0	21.0	22.0	23.0	24.0	25.0	26.0	27.0	28.0	29.0	30.0	31.0	32.0	33.0	34.0	35.0	36.0	37.0
DR1039-SAH_2	7.0	148.0	531.0	505.0	342.0	322.0	333.0	350.0	404.0	481.0	572.0	717.0	979.0	1335.0	1812.0	2601.0	3520.0	4934.0	6683.0	8478.0	10517.0	12242.0	12769.0	9474.0	2237.0	16.0
	17.0	18.0	19.0	20.0	21.0	22.0	23.0	24.0	25.0	26.0	27.0	28.0	29.0	30.0	31.0	32.0	33.0	34.0	35.0	36.0	37.0
DR1040-SAH_1	1.0	3.0	26.0	41.0	83.0	195.0	377.0	515.0	682.0	835.0	1035.0	1198.0	1412.0	1740.0	2061.0	2631.0	3481.0	4858.0	7513.0	14320.0	42487.0
	12.0	13.0	14.0	15.0	16.0	17.0	18.0	19.0	20.0	21.0	22.0	23.0	24.0	25.0	26.0	27.0	28.0	29.0	30.0	31.0	32.0	33.0	34.0	35.0	36.0	37.0
DR1040-SAH_2	4.0	60.0	360.0	531.0	387.0	245.0	260.0	330.0	356.0	416.0	467.0	632.0	818.0	1108.0	1545.0	2103.0	3093.0	4329.0	6163.0	8259.0	10501.0	12833.0	15163.0	12401.0	3114.0	16.0
	17.0	18.0	19.0	20.0	21.0	22.0	23.0	24.0	25.0	26.0	27.0	28.0	29.0	30.0	31.0	32.0	33.0	34.0	35.0	36.0	37.0
DR1041-E_1	1.0	2.0	12.0	30.0	62.0	186.0	324.0	433.0	619.0	714.0	822.0	992.0	1135.0	1439.0	1705.0	2173.0	2895.0	4100.0	6616.0	12857.0	40325.0
	11.0	12.0	13.0	14.0	15.0	16.0	17.0	18.0	19.0	20.0	21.0	22.0	23.0	24.0	25.0	26.0	27.0	28.0	29.0	30.0	31.0	32.0	33.0	34.0	35.0	36.0	37.0
DR1041-E_2	1.0	3.0	158.0	541.0	483.0	242.0	249.0	311.0	328.0	371.0	419.0	479.0	578.0	745.0	978.0	1446.0	2011.0	2794.0	4082.0	5614.0	7395.0	9476.0	11574.0	13468.0	10972.0	2717.0	7.0
	17.0	18.0	19.0	20.0	21.0	22.0	23.0	24.0	25.0	26.0	27.0	28.0	29.0	30.0	31.0	32.0	33.0	34.0	35.0	36.0	37.0
DR1041-H_1	2.0	8.0	13.0	43.0	96.0	228.0	401.0	560.0	793.0	919.0	1177.0	1354.0	1582.0	1858.0	2298.0	2908.0	3857.0	5358.0	8346.0	16281.0	51298.0
	12.0	13.0	14.0	15.0	16.0	17.0	18.0	19.0	20.0	21.0	22.0	23.0	24.0	25.0	26.0	27.0	28.0	29.0	30.0	31.0	32.0	33.0	34.0	35.0	36.0	37.0
DR1041-H_2	23.0	265.0	474.0	295.0	227.0	231.0	261.0	286.0	352.0	413.0	530.0	643.0	793.0	1039.0	1467.0	2216.0	3206.0	4475.0	6529.0	9040.0	11707.0	15035.0	18378.0	16537.0	4915.0	43.0
	17.0	18.0	19.0	20.0	21.0	22.0	23.0	24.0	25.0	26.0	27.0	28.0	29.0	30.0	31.0	32.0	33.0	34.0	35.0	36.0	37.0
DR1041-SAH_1	2.0	5.0	16.0	55.0	114.0	239.0	435.0	574.0	789.0	893.0	1059.0	1247.0	1383.0	1780.0	2052.0	2599.0	3378.0	4681.0	6976.0	13660.0	33945.0
	12.0	13.0	14.0	15.0	16.0	17.0	18.0	19.0	20.0	21.0	22.0	23.0	24.0	25.0	26.0	27.0	28.0	29.0	30.0	31.0	32.0	33.0	34.0	35.0	36.0	37.0
DR1041-SAH_2	9.0	153.0	471.0	403.0	253.0	232.0	262.0	302.0	333.0	369.0	456.0	542.0	750.0	1021.0	1398.0	1985.0	2897.0	4017.0	5714.0	7527.0	9403.0	11614.0	12740.0	10279.0	2731.0	21.0
	18.0	19.0	20.0	21.0	22.0	23.0	24.0	25.0	26.0	27.0	28.0	29.0	30.0	31.0	32.0	33.0	34.0	35.0	36.0	37.0
DR1042-E_1	5.0	29.0	75.0	113.0	226.0	321.0	450.0	611.0	798.0	963.0	1114.0	1382.0	1708.0	2065.0	2671.0	3457.0	4899.0	7869.0	15071.0	48347.0
	12.0	13.0	14.0	15.0	16.0	17.0	18.0	19.0	20.0	21.0	22.0	23.0	24.0	25.0	26.0	27.0	28.0	29.0	30.0	31.0	32.0	33.0	34.0	35.0	36.0	37.0
DR1042-E_2	17.0	204.0	613.0	487.0	296.0	272.0	338.0	463.0	457.0	520.0	560.0	693.0	847.0	1131.0	1496.0	2051.0	2776.0	4104.0	5804.0	7844.0	10405.0	13231.0	16371.0	15798.0	5337.0	59.0
	17.0	18.0	19.0	20.0	21.0	22.0	23.0	24.0	25.0	26.0	27.0	28.0	29.0	30.0	31.0	32.0	33.0	34.0	35.0	36.0	37.0
DR1042-H_1	5.0	12.0	23.0	65.0	163.0	378.0	674.0	949.0	1142.0	1454.0	1733.0	2009.0	2217.0	2691.0	3236.0	3982.0	5236.0	7268.0	11027.0	21182.0	64052.0
	12.0	13.0	14.0	15.0	16.0	17.0	18.0	19.0	20.0	21.0	22.0	23.0	24.0	25.0	26.0	27.0	28.0	29.0	30.0	31.0	32.0	33.0	34.0	35.0	36.0	37.0
DR1042-H_2	9.0	195.0	668.0	607.0	380.0	332.0	371.0	429.0	522.0	603.0	722.0	874.0	1125.0	1489.0	2107.0	2954.0	4126.0	5878.0	8389.0	11490.0	14965.0	18861.0	22535.0	21894.0	7881.0	92.0
	17.0	18.0	19.0	20.0	21.0	22.0	23.0	24.0	25.0	26.0	27.0	28.0	29.0	30.0	31.0	32.0	33.0	34.0	35.0	36.0	37.0
DR1042-SAH_1	2.0	8.0	33.0	83.0	141.0	382.0	602.0	897.0	1113.0	1290.0	1541.0	1731.0	2027.0	2380.0	2769.0	3435.0	4529.0	6362.0	9814.0	18370.0	52113.0
	12.0	13.0	14.0	15.0	16.0	17.0	18.0	19.0	20.0	21.0	22.0	23.0	24.0	25.0	26.0	27.0	28.0	29.0	30.0	31.0	32.0	33.0	34.0	35.0	36.0	37.0
DR1042-SAH_2	3.0	127.0	580.0	638.0	412.0	347.0	377.0	453.0	500.0	559.0	642.0	828.0	1020.0	1399.0	1858.0	2625.0	3664.0	5519.0	7432.0	10150.0	13268.0	15959.0	19047.0	17026.0	5146.0	43.0
	18.0	19.0	20.0	21.0	22.0	23.0	24.0	25.0	26.0	27.0	28.0	29.0	30.0	31.0	32.0	33.0	34.0	35.0	36.0	37.0
DR1043-E_1	6.0	18.0	38.0	82.0	237.0	438.0	617.0	769.0	1013.0	1183.0	1364.0	1649.0	1925.0	2408.0	3074.0	4099.0	5739.0	8741.0	16736.0	41494.0
	11.0	12.0	13.0	14.0	15.0	16.0	17.0	18.0	19.0	20.0	21.0	22.0	23.0	24.0	25.0	26.0	27.0	28.0	29.0	30.0	31.0	32.0	33.0	34.0	35.0	36.0	37.0
DR1043-E_2	1.0	15.0	212.0	644.0	583.0	358.0	312.0	359.0	381.0	433.0	509.0	571.0	759.0	814.0	1162.0	1607.0	2265.0	3245.0	4594.0	6291.0	8493.0	10981.0	13520.0	15998.0	13783.0	3715.0	25.0
	17.0	18.0	19.0	20.0	21.0	22.0	23.0	24.0	25.0	26.0	27.0	28.0	29.0	30.0	31.0	32.0	33.0	34.0	35.0	36.0	37.0
DR1043-H_1	3.0	7.0	23.0	56.0	117.0	298.0	558.0	696.0	907.0	1072.0	1285.0	1565.0	1728.0	1972.0	2308.0	2914.0	3680.0	5164.0	7945.0	15275.0	47053.0
	12.0	13.0	14.0	15.0	16.0	17.0	18.0	19.0	20.0	21.0	22.0	23.0	24.0	25.0	26.0	27.0	28.0	29.0	30.0	31.0	32.0	33.0	34.0	35.0	36.0	37.0
DR1043-H_2	27.0	228.0	645.0	535.0	320.0	285.0	339.0	385.0	421.0	469.0	594.0	711.0	872.0	1135.0	1633.0	2250.0	3166.0	4467.0	6247.0	8597.0	10978.0	13558.0	16307.0	15334.0	5070.0	53.0
	17.0	18.0	19.0	20.0	21.0	22.0	23.0	24.0	25.0	26.0	27.0	28.0	29.0	30.0	31.0	32.0	33.0	34.0	35.0	36.0	37.0
DR1043-SAH_1	3.0	6.0	16.0	36.0	98.0	243.0	401.0	610.0	774.0	955.0	1095.0	1281.0	1540.0	1803.0	2133.0	2563.0	3500.0	4657.0	7428.0	13981.0	40357.0
	12.0	13.0	14.0	15.0	16.0	17.0	18.0	19.0	20.0	21.0	22.0	23.0	24.0	25.0	26.0	27.0	28.0	29.0	30.0	31.0	32.0	33.0	34.0	35.0	36.0	37.0
DR1043-SAH_2	8.0	143.0	483.0	532.0	410.0	304.0	313.0	355.0	431.0	444.0	523.0	594.0	800.0	1229.0	1609.0	2338.0	3215.0	4644.0	6274.0	8237.0	10402.0	12382.0	13913.0	10952.0	2928.0	17.0
	17.0	18.0	19.0	20.0	21.0	22.0	23.0	24.0	25.0	26.0	27.0	28.0	29.0	30.0	31.0	32.0	33.0	34.0	35.0	36.0	37.0
DR1044-E_1	1.0	2.0	23.0	77.0	105.0	188.0	312.0	500.0	641.0	755.0	931.0	1116.0	1233.0	1521.0	1961.0	2452.0	3439.0	4721.0	7584.0	14672.0	49862.0
	12.0	13.0	14.0	15.0	16.0	17.0	18.0	19.0	20.0	21.0	22.0	23.0	24.0	25.0	26.0	27.0	28.0	29.0	30.0	31.0	32.0	33.0	34.0	35.0	36.0	37.0
DR1044-E_2	14.0	220.0	660.0	540.0	312.0	282.0	333.0	383.0	422.0	480.0	545.0	662.0	807.0	1078.0	1478.0	1949.0	2776.0	4014.0	5630.0	7959.0	10359.0	13309.0	16847.0	15964.0	5037.0	36.0
	17.0	18.0	19.0	20.0	21.0	22.0	23.0	24.0	25.0	26.0	27.0	28.0	29.0	30.0	31.0	32.0	33.0	34.0	35.0	36.0	37.0
DR1044-SAH_1	2.0	11.0	32.0	79.0	181.0	410.0	649.0	786.0	1002.0	1037.0	1328.0	1570.0	1765.0	2022.0	2503.0	3221.0	4383.0	6057.0	9248.0	16999.0	31984.0
	12.0	13.0	14.0	15.0	16.0	17.0	18.0	19.0	20.0	21.0	22.0	23.0	24.0	25.0	26.0	27.0	28.0	29.0	30.0	31.0	32.0	33.0	34.0	35.0	36.0	37.0
DR1044-SAH_2	31.0	328.0	614.0	406.0	288.0	275.0	337.0	309.0	369.0	410.0	497.0	653.0	807.0	1059.0	1500.0	2153.0	3044.0	4449.0	6199.0	8413.0	10799.0	12937.0	14886.0	11670.0	2815.0	21.0
	17.0	18.0	19.0	20.0	21.0	22.0	23.0	24.0	25.0	26.0	27.0	28.0	29.0	30.0	31.0	32.0	33.0	34.0	35.0	36.0	37.0
DR1045-E_1	1.0	3.0	15.0	26.0	78.0	149.0	273.0	396.0	510.0	589.0	763.0	966.0	1080.0	1293.0	1690.0	2104.0	2760.0	3943.0	6354.0	12143.0	40445.0
	11.0	12.0	13.0	14.0	15.0	16.0	17.0	18.0	19.0	20.0	21.0	22.0	23.0	24.0	25.0	26.0	27.0	28.0	29.0	30.0	31.0	32.0	33.0	34.0	35.0	36.0	37.0
DR1045-E_2	1.0	4.0	102.0	346.0	365.0	229.0	200.0	203.0	232.0	297.0	313.0	372.0	491.0	666.0	797.0	1081.0	1432.0	2191.0	3126.0	4576.0	6443.0	8815.0	11239.0	14160.0	13726.0	4142.0	32.0
	16.0	17.0	18.0	19.0	20.0	21.0	22.0	23.0	24.0	25.0	26.0	27.0	28.0	29.0	30.0	31.0	32.0	33.0	34.0	35.0	36.0	37.0
DR1045-H_1	1.0	1.0	4.0	21.0	30.0	82.0	172.0	345.0	494.0	627.0	723.0	977.0	1134.0	1278.0	1625.0	1988.0	2388.0	3299.0	4477.0	7378.0	14049.0	41369.0
	12.0	13.0	14.0	15.0	16.0	17.0	18.0	19.0	20.0	21.0	22.0	23.0	24.0	25.0	26.0	27.0	28.0	29.0	30.0	31.0	32.0	33.0	34.0	35.0	36.0	37.0
DR1045-H_2	2.0	121.0	432.0	359.0	245.0	208.0	217.0	276.0	299.0	333.0	425.0	494.0	669.0	888.0	1211.0	1748.0	2428.0	3552.0	5077.0	7033.0	9771.0	12199.0	15389.0	14370.0	4658.0	58.0
	17.0	18.0	19.0	20.0	21.0	22.0	23.0	24.0	25.0	26.0	27.0	28.0	29.0	30.0	31.0	32.0	33.0	34.0	35.0	36.0	37.0
DR1045-SAH_1	3.0	10.0	33.0	72.0	151.0	364.0	557.0	817.0	952.0	1117.0	1330.0	1549.0	1786.0	2101.0	2630.0	3326.0	4444.0	5986.0	9477.0	18039.0	38727.0
	12.0	13.0	14.0	15.0	16.0	17.0	18.0	19.0	20.0	21.0	22.0	23.0	24.0	25.0	26.0	27.0	28.0	29.0	30.0	31.0	32.0	33.0	34.0	35.0	36.0	37.0
DR1045-SAH_2	4.0	91.0	394.0	625.0	434.0	340.0	274.0	342.0	368.0	432.0	483.0	589.0	721.0	959.0	1436.0	1979.0	2828.0	4074.0	5940.0	8159.0	10981.0	13892.0	16707.0	16006.0	5360.0	53.0
	17.0	18.0	19.0	20.0	21.0	22.0	23.0	24.0	25.0	26.0	27.0	28.0	29.0	30.0	31.0	32.0	33.0	34.0	35.0	36.0	37.0
DR1046-E_1	1.0	8.0	15.0	29.0	113.0	292.0	468.0	624.0	788.0	1009.0	1015.0	1224.0	1396.0	1664.0	2098.0	2666.0	3571.0	5191.0	8171.0	15589.0	35335.0
	12.0	13.0	14.0	15.0	16.0	17.0	18.0	19.0	20.0	21.0	22.0	23.0	24.0	25.0	26.0	27.0	28.0	29.0	30.0	31.0	32.0	33.0	34.0	35.0	36.0
DR1046-E_2	2.0	114.0	527.0	645.0	471.0	355.0	402.0	433.0	434.0	547.0	615.0	687.0	931.0	1329.0	1826.0	2527.0	3505.0	5046.0	7098.0	8958.0	11157.0	13124.0	13114.0	6615.0	805.0
	18.0	19.0	20.0	21.0	22.0	23.0	24.0	25.0	26.0	27.0	28.0	29.0	30.0	31.0	32.0	33.0	34.0	35.0	36.0	37.0
DR1046-H_1	9.0	13.0	31.0	76.0	176.0	350.0	486.0	659.0	848.0	1076.0	1230.0	1509.0	1689.0	2051.0	2503.0	3372.0	4672.0	7155.0	13878.0	41207.0
	12.0	13.0	14.0	15.0	16.0	17.0	18.0	19.0	20.0	21.0	22.0	23.0	24.0	25.0	26.0	27.0	28.0	29.0	30.0	31.0	32.0	33.0	34.0	35.0	36.0	37.0
DR1046-H_2	5.0	121.0	503.0	505.0	284.0	240.0	271.0	303.0	340.0	409.0	453.0	606.0	749.0	941.0	1386.0	1898.0	2649.0	3979.0	5496.0	7512.0	9800.0	12237.0	14548.0	13476.0	4248.0	31.0
	17.0	18.0	19.0	20.0	21.0	22.0	23.0	24.0	25.0	26.0	27.0	28.0	29.0	30.0	31.0	32.0	33.0	34.0	35.0	36.0	37.0
DR1046-SAH_1	1.0	3.0	17.0	58.0	121.0	308.0	533.0	694.0	922.0	1005.0	1229.0	1440.0	1709.0	1974.0	2342.0	2865.0	3721.0	5256.0	7928.0	15512.0	45402.0
	11.0	12.0	13.0	14.0	15.0	16.0	17.0	18.0	19.0	20.0	21.0	22.0	23.0	24.0	25.0	26.0	27.0	28.0	29.0	30.0	31.0	32.0	33.0	34.0	35.0	36.0	37.0
DR1046-SAH_2	1.0	4.0	102.0	521.0	614.0	461.0	298.0	350.0	423.0	474.0	447.0	533.0	683.0	942.0	1160.0	1654.0	2370.0	3268.0	4718.0	6402.0	8593.0	10888.0	13498.0	15816.0	14149.0	4622.0	49.0
	16.0	17.0	18.0	19.0	20.0	21.0	22.0	23.0	24.0	25.0	26.0	27.0	28.0	29.0	30.0	31.0	32.0	33.0	34.0	35.0	36.0	37.0
DR1047-E_1	2.0	1.0	7.0	24.0	37.0	109.0	279.0	460.0	677.0	835.0	1003.0	1205.0	1372.0	1549.0	1816.0	2268.0	2769.0	3753.0	5157.0	7965.0	15428.0	37398.0
	11.0	12.0	13.0	14.0	15.0	16.0	17.0	18.0	19.0	20.0	21.0	22.0	23.0	24.0	25.0	26.0	27.0	28.0	29.0	30.0	31.0	32.0	33.0	34.0	35.0	36.0	37.0
DR1047-E_2	1.0	14.0	220.0	464.0	350.0	251.0	276.0	294.0	327.0	364.0	427.0	530.0	674.0	903.0	1199.0	1648.0	2323.0	3332.0	4736.0	6516.0	8640.0	10558.0	13030.0	14167.0	10515.0	2342.0	13.0
	17.0	18.0	19.0	20.0	21.0	22.0	23.0	24.0	25.0	26.0	27.0	28.0	29.0	30.0	31.0	32.0	33.0	34.0	35.0	36.0	37.0
DR1047-H_1	2.0	6.0	13.0	26.0	81.0	228.0	448.0	567.0	780.0	878.0	1087.0	1309.0	1540.0	1805.0	2151.0	2606.0	3612.0	4950.0	7795.0	14838.0	37875.0
	12.0	13.0	14.0	15.0	16.0	17.0	18.0	19.0	20.0	21.0	22.0	23.0	24.0	25.0	26.0	27.0	28.0	29.0	30.0	31.0	32.0	33.0	34.0	35.0	36.0	37.0
DR1047-H_2	2.0	176.0	540.0	436.0	274.0	258.0	326.0	341.0	333.0	410.0	498.0	622.0	826.0	1132.0	1576.0	2276.0	3237.0	4506.0	6136.0	8253.0	10130.0	12581.0	13946.0	10933.0	2835.0	14.0
	17.0	18.0	19.0	20.0	21.0	22.0	23.0	24.0	25.0	26.0	27.0	28.0	29.0	30.0	31.0	32.0	33.0	34.0	35.0	36.0	37.0
DR1047-SAH_1	1.0	4.0	24.0	62.0	104.0	253.0	378.0	591.0	765.0	939.0	1276.0	1489.0	1728.0	2073.0	2486.0	3155.0	4092.0	5672.0	8526.0	16207.0	39103.0
	12.0	13.0	14.0	15.0	16.0	17.0	18.0	19.0	20.0	21.0	22.0	23.0	24.0	25.0	26.0	27.0	28.0	29.0	30.0	31.0	32.0	33.0	34.0	35.0	36.0	37.0
DR1047-SAH_2	9.0	154.0	468.0	534.0	301.0	283.0	313.0	405.0	407.0	482.0	582.0	699.0	1001.0	1304.0	1853.0	2701.0	3873.0	5350.0	7221.0	9303.0	11856.0	13674.0	14332.0	9878.0	1942.0	3.0
	16.0	17.0	18.0	19.0	20.0	21.0	22.0	23.0	24.0	25.0	26.0	27.0	28.0	29.0	30.0	31.0	32.0	33.0	34.0	35.0	36.0	37.0
DR1048-E_1	2.0	4.0	7.0	12.0	39.0	96.0	223.0	407.0	555.0	739.0	948.0	1063.0	1201.0	1497.0	1673.0	2104.0	2751.0	3557.0	4965.0	7796.0	14947.0	46860.0
	12.0	13.0	14.0	15.0	16.0	17.0	18.0	19.0	20.0	21.0	22.0	23.0	24.0	25.0	26.0	27.0	28.0	29.0	30.0	31.0	32.0	33.0	34.0	35.0	36.0	37.0
DR1048-E_2	2.0	51.0	372.0	584.0	423.0	342.0	354.0	440.0	488.0	535.0	699.0	825.0	1061.0	1457.0	2038.0	2933.0	4229.0	5855.0	7855.0	10180.0	12209.0	14357.0	14602.0	8321.0	1231.0	3.0
	16.0	17.0	18.0	19.0	20.0	21.0	22.0	23.0	24.0	25.0	26.0	27.0	28.0	29.0	30.0	31.0	32.0	33.0	34.0	35.0	36.0	37.0
DR1048-H_1	2.0	0.0	6.0	14.0	31.0	102.0	243.0	391.0	577.0	717.0	897.0	1019.0	1236.0	1454.0	1761.0	2271.0	2737.0	3680.0	5218.0	8054.0	15577.0	39170.0
	12.0	13.0	14.0	15.0	16.0	17.0	18.0	19.0	20.0	21.0	22.0	23.0	24.0	25.0	26.0	27.0	28.0	29.0	30.0	31.0	32.0	33.0	34.0	35.0	36.0	37.0
DR1048-H_2	8.0	147.0	447.0	303.0	200.0	195.0	185.0	229.0	270.0	319.0	372.0	517.0	689.0	891.0	1147.0	1744.0	2518.0	3744.0	5417.0	7441.0	10114.0	13002.0	15929.0	14586.0	4688.0	55.0
	17.0	18.0	19.0	20.0	21.0	22.0	23.0	24.0	25.0	26.0	27.0	28.0	29.0	30.0	31.0	32.0	33.0	34.0	35.0	36.0	37.0
DR1048-SAH_1	1.0	13.0	52.0	120.0	142.0	306.0	456.0	749.0	918.0	1131.0	1354.0	1671.0	1920.0	2295.0	2801.0	3481.0	4518.0	6338.0	10016.0	18892.0	48985.0
	12.0	13.0	14.0	15.0	16.0	17.0	18.0	19.0	20.0	21.0	22.0	23.0	24.0	25.0	26.0	27.0	28.0	29.0	30.0	31.0	32.0	33.0	34.0	35.0	36.0	37.0
DR1048-SAH_2	5.0	160.0	540.0	583.0	306.0	306.0	409.0	486.0	499.0	536.0	611.0	850.0	1089.0	1570.0	2208.0	3096.0	4591.0	6320.0	8704.0	11671.0	13918.0	16816.0	17835.0	11183.0	1861.0	6.0
	17.0	18.0	19.0	20.0	21.0	22.0	23.0	24.0	25.0	26.0	27.0	28.0	29.0	30.0	31.0	32.0	33.0	34.0	35.0	36.0	37.0
DR1049-E_1	1.0	10.0	29.0	57.0	130.0	368.0	620.0	879.0	1060.0	1280.0	1555.0	1780.0	2027.0	2361.0	2868.0	3700.0	4846.0	6855.0	10724.0	21257.0	61357.0
	11.0	12.0	13.0	14.0	15.0	16.0	17.0	18.0	19.0	20.0	21.0	22.0	23.0	24.0	25.0	26.0	27.0	28.0	29.0	30.0	31.0	32.0	33.0	34.0	35.0	36.0	37.0
DR1049-E_2	1.0	79.0	611.0	873.0	515.0	373.0	368.0	460.0	513.0	584.0	655.0	806.0	981.0	1251.0	1650.0	2237.0	3042.0	4198.0	6175.0	8502.0	11385.0	14828.0	18586.0	21755.0	18148.0	5152.0	36.0
	17.0	18.0	19.0	20.0	21.0	22.0	23.0	24.0	25.0	26.0	27.0	28.0	29.0	30.0	31.0	32.0	33.0	34.0	35.0	36.0	37.0
DR1049-H_1	3.0	8.0	27.0	57.0	169.0	382.0	690.0	889.0	1179.0	1394.0	1613.0	1966.0	2118.0	2680.0	3039.0	3868.0	5117.0	7097.0	10924.0	20755.0	51435.0
	11.0	12.0	13.0	14.0	15.0	16.0	17.0	18.0	19.0	20.0	21.0	22.0	23.0	24.0	25.0	26.0	27.0	28.0	29.0	30.0	31.0	32.0	33.0	34.0	35.0	36.0	37.0
DR1049-H_2	1.0	26.0	406.0	845.0	510.0	378.0	375.0	399.0	508.0	567.0	698.0	807.0	1002.0	1225.0	1747.0	2377.0	3237.0	4525.0	6462.0	8586.0	11528.0	14157.0	17201.0	19030.0	14973.0	3811.0	29.0
	17.0	18.0	19.0	20.0	21.0	22.0	23.0	24.0	25.0	26.0	27.0	28.0	29.0	30.0	31.0	32.0	33.0	34.0	35.0	36.0	37.0
DR1049-SAH_1	3.0	9.0	30.0	89.0	167.0	330.0	581.0	771.0	950.0	1162.0	1290.0	1470.0	1886.0	2174.0	2425.0	3118.0	3961.0	5803.0	8749.0	16853.0	44229.0
	12.0	13.0	14.0	15.0	16.0	17.0	18.0	19.0	20.0	21.0	22.0	23.0	24.0	25.0	26.0	27.0	28.0	29.0	30.0	31.0	32.0	33.0	34.0	35.0	36.0	37.0
DR1049-SAH_2	9.0	182.0	582.0	507.0	280.0	294.0	328.0	417.0	436.0	484.0	563.0	749.0	903.0	1232.0	1826.0	2418.0	3399.0	4888.0	6812.0	9153.0	11870.0	14249.0	16592.0	13827.0	4025.0	25.0
	15.0	16.0	17.0	18.0	19.0	20.0	21.0	22.0	23.0	24.0	25.0	26.0	27.0	28.0	29.0	30.0	31.0	32.0	33.0	34.0	35.0	36.0	37.0
E-10_1	2.0	6.0	24.0	44.0	118.0	231.0	461.0	1105.0	1589.0	2081.0	2584.0	2995.0	3604.0	4231.0	5210.0	6479.0	8249.0	11253.0	15671.0	22180.0	32484.0	59501.0	57228.0
	10.0	11.0	12.0	13.0	14.0	15.0	16.0	17.0	18.0	19.0	20.0	21.0	22.0	23.0	24.0	25.0	26.0	27.0	28.0	29.0	30.0	31.0	32.0	33.0	34.0	35.0	36.0
E-10_2	2.0	57.0	258.0	228.0	171.0	218.0	306.0	482.0	663.0	807.0	1151.0	1511.0	2058.0	2904.0	4048.0	5976.0	8501.0	12514.0	17965.0	24630.0	32342.0	40922.0	43632.0	27638.0	7769.0	574.0	3.0
	14.0	15.0	16.0	17.0	18.0	19.0	20.0	21.0	22.0	23.0	24.0	25.0	26.0	27.0	28.0	29.0	30.0	31.0	32.0	33.0	34.0	35.0	36.0	37.0
E-1_1	6.0	18.0	34.0	67.0	73.0	116.0	207.0	655.0	1226.0	1679.0	2046.0	2280.0	2577.0	2898.0	3349.0	3968.0	5035.0	6476.0	8245.0	11070.0	15032.0	21786.0	31832.0	19956.0
	11.0	12.0	13.0	14.0	15.0	16.0	17.0	18.0	19.0	20.0	21.0	22.0	23.0	24.0	25.0	26.0	27.0	28.0	29.0	30.0	31.0	32.0	33.0	34.0	35.0
E-1_2	43.0	197.0	165.0	129.0	183.0	259.0	387.0	465.0	655.0	831.0	1095.0	1419.0	2110.0	2989.0	4634.0	6628.0	9482.0	13078.0	17377.0	21746.0	23755.0	19997.0	10379.0	2453.0	175.0
	17.0	18.0	19.0	20.0	21.0	22.0	23.0	24.0	25.0	26.0	27.0	28.0	29.0	30.0	31.0	32.0	33.0	34.0	35.0	36.0	37.0
E-2_1	6.0	16.0	53.0	96.0	278.0	694.0	1093.0	1308.0	1541.0	1771.0	2112.0	2509.0	2960.0	3654.0	4883.0	6555.0	8963.0	12740.0	18830.0	31725.0	27178.0
	11.0	12.0	13.0	14.0	15.0	16.0	17.0	18.0	19.0	20.0	21.0	22.0	23.0	24.0	25.0	26.0	27.0	28.0	29.0	30.0	31.0	32.0	33.0	34.0	35.0	36.0
E-2_2	22.0	149.0	120.0	122.0	118.0	180.0	261.0	362.0	420.0	553.0	846.0	1126.0	1616.0	2323.0	3398.0	5071.0	7464.0	10594.0	14278.0	18749.0	22640.0	21468.0	13101.0	3665.0	317.0	2.0
	17.0	18.0	19.0	20.0	21.0	22.0	23.0	24.0	25.0	26.0	27.0	28.0	29.0	30.0	31.0	32.0	33.0	34.0	35.0	36.0	37.0
E-3_1	4.0	18.0	78.0	253.0	785.0	1712.0	2225.0	2509.0	2885.0	3156.0	3529.0	4110.0	5009.0	6510.0	8175.0	10340.0	14065.0	18994.0	26781.0	38322.0	22050.0
	11.0	12.0	13.0	14.0	15.0	16.0	17.0	18.0	19.0	20.0	21.0	22.0	23.0	24.0	25.0	26.0	27.0	28.0	29.0	30.0	31.0	32.0	33.0	34.0	35.0	36.0
E-3_2	53.0	219.0	165.0	145.0	168.0	259.0	396.0	460.0	529.0	750.0	1034.0	1529.0	2151.0	3277.0	4968.0	7147.0	10423.0	14535.0	19500.0	25362.0	29174.0	27346.0	16565.0	4886.0	464.0	5.0
	15.0	16.0	17.0	18.0	19.0	20.0	21.0	22.0	23.0	24.0	25.0	26.0	27.0	28.0	29.0	30.0	31.0	32.0	33.0	34.0	35.0	36.0	37.0
E-4_1	2.0	7.0	17.0	52.0	97.0	173.0	324.0	725.0	1174.0	1719.0	2179.0	2629.0	3098.0	3804.0	4569.0	5704.0	7524.0	10102.0	14103.0	20089.0	31102.0	57013.0	71110.0
	11.0	12.0	13.0	14.0	15.0	16.0	17.0	18.0	19.0	20.0	21.0	22.0	23.0	24.0	25.0	26.0	27.0	28.0	29.0	30.0	31.0	32.0	33.0	34.0	35.0	36.0
E-4_2	40.0	286.0	213.0	189.0	202.0	312.0	565.0	671.0	974.0	1250.0	1595.0	2259.0	3113.0	4388.0	6320.0	9193.0	13159.0	18612.0	24950.0	32264.0	39600.0	40883.0	27443.0	8249.0	583.0	3.0
	17.0	18.0	19.0	20.0	21.0	22.0	23.0	24.0	25.0	26.0	27.0	28.0	29.0	30.0	31.0	32.0	33.0	34.0	35.0	36.0	37.0
E-5_1	1.0	17.0	43.0	56.0	134.0	270.0	455.0	706.0	1002.0	1417.0	1722.0	2067.0	2607.0	3326.0	4446.0	6126.0	8566.0	12291.0	19082.0	35125.0	38833.0
	11.0	12.0	13.0	14.0	15.0	16.0	17.0	18.0	19.0	20.0	21.0	22.0	23.0	24.0	25.0	26.0	27.0	28.0	29.0	30.0	31.0	32.0	33.0	34.0	35.0	36.0
E-5_2	27.0	132.0	143.0	105.0	116.0	166.0	255.0	408.0	579.0	670.0	929.0	1360.0	1815.0	2695.0	3869.0	5471.0	7964.0	11197.0	15424.0	19725.0	23550.0	22922.0	14294.0	4136.0	339.0	1.0
	16.0	17.0	18.0	19.0	20.0	21.0	22.0	23.0	24.0	25.0	26.0	27.0	28.0	29.0	30.0	31.0	32.0	33.0	34.0	35.0	36.0	37.0
E-6_1	1.0	4.0	18.0	48.0	76.0	126.0	289.0	504.0	761.0	1036.0	1264.0	1583.0	1815.0	2393.0	3016.0	4102.0	5561.0	7620.0	11659.0	18138.0	34438.0	50483.0
	11.0	12.0	13.0	14.0	15.0	16.0	17.0	18.0	19.0	20.0	21.0	22.0	23.0	24.0	25.0	26.0	27.0	28.0	29.0	30.0	31.0	32.0	33.0	34.0	35.0	36.0
E-6_2	22.0	164.0	141.0	85.0	120.0	164.0	275.0	379.0	476.0	648.0	877.0	1108.0	1628.0	2296.0	3337.0	4754.0	6960.0	10020.0	13720.0	18063.0	23643.0	26845.0	20872.0	7631.0	698.0	9.0
	17.0	18.0	19.0	20.0	21.0	22.0	23.0	24.0	25.0	26.0	27.0	28.0	29.0	30.0	31.0	32.0	33.0	34.0	35.0	36.0	37.0
E-7_1	2.0	7.0	34.0	44.0	152.0	400.0	745.0	1072.0	1273.0	1728.0	2068.0	2507.0	3063.0	3841.0	4875.0	6490.0	9092.0	12943.0	19541.0	36796.0	42161.0
	11.0	12.0	13.0	14.0	15.0	16.0	17.0	18.0	19.0	20.0	21.0	22.0	23.0	24.0	25.0	26.0	27.0	28.0	29.0	30.0	31.0	32.0	33.0	34.0	35.0	36.0
E-7_2	25.0	163.0	134.0	111.0	135.0	196.0	282.0	378.0	546.0	750.0	1051.0	1424.0	1933.0	2699.0	3881.0	5656.0	8610.0	12022.0	16163.0	21027.0	25755.0	25929.0	15376.0	4236.0	349.0	3.0
	17.0	18.0	19.0	20.0	21.0	22.0	23.0	24.0	25.0	26.0	27.0	28.0	29.0	30.0	31.0	32.0	33.0	34.0	35.0	36.0	37.0
E-8_1	2.0	18.0	59.0	83.0	255.0	575.0	957.0	1371.0	1747.0	2024.0	2399.0	2778.0	3467.0	4240.0	5487.0	6943.0	9594.0	13168.0	19483.0	35314.0	34101.0
	11.0	12.0	13.0	14.0	15.0	16.0	17.0	18.0	19.0	20.0	21.0	22.0	23.0	24.0	25.0	26.0	27.0	28.0	29.0	30.0	31.0	32.0	33.0	34.0	35.0	36.0
E-8_2	29.0	129.0	115.0	84.0	118.0	170.0	282.0	432.0	452.0	698.0	926.0	1251.0	1862.0	2813.0	4086.0	6064.0	8503.0	12127.0	16143.0	20682.0	24444.0	23338.0	14551.0	4420.0	343.0	3.0
	17.0	18.0	19.0	20.0	21.0	22.0	23.0	24.0	25.0	26.0	27.0	28.0	29.0	30.0	31.0	32.0	33.0	34.0	35.0	36.0	37.0
E-9_1	1.0	14.0	54.0	70.0	201.0	498.0	787.0	1140.0	1655.0	1977.0	2469.0	3170.0	3994.0	5002.0	6647.0	9156.0	12901.0	18688.0	28474.0	51027.0	48094.0
	11.0	12.0	13.0	14.0	15.0	16.0	17.0	18.0	19.0	20.0	21.0	22.0	23.0	24.0	25.0	26.0	27.0	28.0	29.0	30.0	31.0	32.0	33.0	34.0	35.0	36.0
E-9_2	36.0	196.0	186.0	147.0	164.0	239.0	306.0	457.0	720.0	901.0	1263.0	1823.0	2675.0	3625.0	5400.0	7875.0	11633.0	16593.0	22882.0	30042.0	34741.0	31554.0	17686.0	4562.0	310.0	3.0
	16.0	17.0	18.0	19.0	20.0	21.0	22.0	23.0	24.0	25.0	26.0	27.0	28.0	29.0	30.0	31.0	32.0	33.0	34.0	35.0	36.0	37.0
H-10_1	1.0	1.0	15.0	45.0	74.0	182.0	450.0	795.0	1290.0	1733.0	2272.0	2886.0	3505.0	4453.0	5613.0	7883.0	10780.0	14989.0	21706.0	33258.0	59794.0	75431.0
	10.0	11.0	12.0	13.0	14.0	15.0	16.0	17.0	18.0	19.0	20.0	21.0	22.0	23.0	24.0	25.0	26.0	27.0	28.0	29.0	30.0	31.0	32.0	33.0	34.0	35.0	36.0
H-10_2	1.0	42.0	283.0	210.0	184.0	206.0	250.0	361.0	532.0	730.0	932.0	1311.0	1881.0	2570.0	3764.0	5579.0	7984.0	12046.0	17846.0	25464.0	33660.0	42627.0	45440.0	31984.0	10452.0	813.0	4.0
	16.0	17.0	18.0	19.0	20.0	21.0	22.0	23.0	24.0	25.0	26.0	27.0	28.0	29.0	30.0	31.0	32.0	33.0	34.0	35.0	36.0	37.0
H-1_1	1.0	6.0	26.0	82.0	131.0	400.0	889.0	1456.0	2105.0	2555.0	3240.0	3751.0	4503.0	5323.0	6807.0	8632.0	11475.0	15029.0	21303.0	31705.0	57384.0	53116.0
	11.0	12.0	13.0	14.0	15.0	16.0	17.0	18.0	19.0	20.0	21.0	22.0	23.0	24.0	25.0	26.0	27.0	28.0	29.0	30.0	31.0	32.0	33.0	34.0	35.0	36.0
H-1_2	42.0	233.0	222.0	149.0	185.0	253.0	395.0	604.0	859.0	1115.0	1577.0	2157.0	3191.0	4521.0	6645.0	9754.0	13834.0	19268.0	25654.0	32472.0	38224.0	36926.0	23519.0	7385.0	726.0	9.0
	15.0	16.0	17.0	18.0	19.0	20.0	21.0	22.0	23.0	24.0	25.0	26.0	27.0	28.0	29.0	30.0	31.0	32.0	33.0	34.0	35.0	36.0	37.0
H-2_1	1.0	10.0	30.0	52.0	121.0	212.0	536.0	1154.0	1832.0	2437.0	3095.0	3646.0	4383.0	5063.0	5966.0	7472.0	9292.0	12192.0	16496.0	22988.0	34352.0	61938.0	58196.0
	11.0	12.0	13.0	14.0	15.0	16.0	17.0	18.0	19.0	20.0	21.0	22.0	23.0	24.0	25.0	26.0	27.0	28.0	29.0	30.0	31.0	32.0	33.0	34.0	35.0	36.0
H-2_2	75.0	266.0	214.0	185.0	246.0	422.0	600.0	780.0	1026.0	1366.0	1828.0	2562.0	3664.0	5490.0	8091.0	11910.0	16807.0	22931.0	29635.0	37243.0	42327.0	37077.0	20886.0	5425.0	404.0	4.0
	16.0	17.0	18.0	19.0	20.0	21.0	22.0	23.0	24.0	25.0	26.0	27.0	28.0	29.0	30.0	31.0	32.0	33.0	34.0	35.0	36.0	37.0
H-3_1	1.0	5.0	11.0	43.0	102.0	243.0	586.0	990.0	1375.0	1770.0	2107.0	2569.0	3030.0	3882.0	4887.0	6256.0	8092.0	10515.0	14087.0	20038.0	29540.0	13557.0
	10.0	11.0	12.0	13.0	14.0	15.0	16.0	17.0	18.0	19.0	20.0	21.0	22.0	23.0	24.0	25.0	26.0	27.0	28.0	29.0	30.0	31.0	32.0	33.0	34.0	35.0
H-3_2	1.0	35.0	150.0	131.0	126.0	221.0	390.0	558.0	746.0	1016.0	1347.0	1858.0	2449.0	3549.0	5057.0	7273.0	10150.0	13183.0	15988.0	18096.0	17711.0	13998.0	7242.0	2161.0	243.0	7.0
	17.0	18.0	19.0	20.0	21.0	22.0	23.0	24.0	25.0	26.0	27.0	28.0	29.0	30.0	31.0	32.0	33.0	34.0	35.0	36.0	37.0
H-4_1	2.0	7.0	24.0	46.0	133.0	342.0	539.0	834.0	1167.0	1635.0	2094.0	2686.0	3338.0	4314.0	5727.0	7586.0	10554.0	14826.0	22753.0	42302.0	44237.0
	10.0	11.0	12.0	13.0	14.0	15.0	16.0	17.0	18.0	19.0	20.0	21.0	22.0	23.0	24.0	25.0	26.0	27.0	28.0	29.0	30.0	31.0	32.0	33.0	34.0	35.0	36.0
H-4_2	2.0	32.0	201.0	182.0	134.0	136.0	225.0	304.0	466.0	691.0	956.0	1392.0	2016.0	2777.0	3923.0	5596.0	8235.0	11875.0	16077.0	20837.0	25133.0	26641.0	22143.0	11942.0	3037.0	191.0	2.0
	17.0	18.0	19.0	20.0	21.0	22.0	23.0	24.0	25.0	26.0	27.0	28.0	29.0	30.0	31.0	32.0	33.0	34.0	35.0	36.0	37.0
H-5_1	2.0	5.0	42.0	78.0	253.0	578.0	1011.0	1313.0	1638.0	2071.0	2419.0	2754.0	3482.0	4390.0	5767.0	7579.0	10293.0	14671.0	21805.0	38711.0	38691.0
	11.0	12.0	13.0	14.0	15.0	16.0	17.0	18.0	19.0	20.0	21.0	22.0	23.0	24.0	25.0	26.0	27.0	28.0	29.0	30.0	31.0	32.0	33.0	34.0	35.0	36.0
H-5_2	53.0	182.0	149.0	116.0	150.0	236.0	366.0	492.0	585.0	765.0	1075.0	1512.0	2130.0	3138.0	4691.0	6766.0	9779.0	13727.0	17937.0	22877.0	26702.0	25027.0	14749.0	4058.0	288.0	3.0
	16.0	17.0	18.0	19.0	20.0	21.0	22.0	23.0	24.0	25.0	26.0	27.0	28.0	29.0	30.0	31.0	32.0	33.0	34.0	35.0	36.0	37.0
H-6_1	1.0	7.0	24.0	62.0	104.0	253.0	613.0	989.0	1450.0	1923.0	2368.0	2887.0	3447.0	4138.0	5248.0	6744.0	8842.0	11742.0	16550.0	25161.0	45903.0	45513.0
	11.0	12.0	13.0	14.0	15.0	16.0	17.0	18.0	19.0	20.0	21.0	22.0	23.0	24.0	25.0	26.0	27.0	28.0	29.0	30.0	31.0	32.0	33.0	34.0	35.0	36.0
H-6_2	39.0	209.0	221.0	151.0	137.0	230.0	310.0	460.0	661.0	830.0	1213.0	1650.0	2380.0	3476.0	5021.0	7467.0	10910.0	15212.0	20509.0	26449.0	31249.0	30013.0	18959.0	5704.0	504.0	5.0
	16.0	17.0	18.0	19.0	20.0	21.0	22.0	23.0	24.0	25.0	26.0	27.0	28.0	29.0	30.0	31.0	32.0	33.0	34.0	35.0	36.0	37.0
H-7_1	2.0	22.0	28.0	61.0	120.0	273.0	611.0	1077.0	1491.0	1961.0	2436.0	2928.0	3546.0	4224.0	5369.0	6649.0	9047.0	12237.0	17208.0	25744.0	47222.0	54263.0
	10.0	11.0	12.0	13.0	14.0	15.0	16.0	17.0	18.0	19.0	20.0	21.0	22.0	23.0	24.0	25.0	26.0	27.0	28.0	29.0	30.0	31.0	32.0	33.0	34.0	35.0	36.0
H-7_2	2.0	49.0	234.0	170.0	136.0	180.0	270.0	490.0	594.0	867.0	1075.0	1561.0	2234.0	3124.0	4525.0	6480.0	9109.0	12820.0	17424.0	22186.0	27892.0	31972.0	29543.0	17859.0	5246.0	474.0	3.0
	17.0	18.0	19.0	20.0	21.0	22.0	23.0	24.0	25.0	26.0	27.0	28.0	29.0	30.0	31.0	32.0	33.0	34.0	35.0	36.0	37.0
H-8_1	4.0	26.0	49.0	135.0	432.0	995.0	1610.0	2205.0	2642.0	3013.0	3557.0	4190.0	4882.0	6043.0	7475.0	9676.0	12997.0	17677.0	26295.0	45246.0	39649.0
	10.0	11.0	12.0	13.0	14.0	15.0	16.0	17.0	18.0	19.0	20.0	21.0	22.0	23.0	24.0	25.0	26.0	27.0	28.0	29.0	30.0	31.0	32.0	33.0	34.0	35.0	36.0
H-8_2	1.0	38.0	202.0	166.0	146.0	168.0	240.0	334.0	479.0	615.0	834.0	1119.0	1639.0	2268.0	3387.0	4938.0	7534.0	10800.0	15388.0	20702.0	26634.0	31859.0	31338.0	20697.0	6656.0	609.0	7.0
	17.0	18.0	19.0	20.0	21.0	22.0	23.0	24.0	25.0	26.0	27.0	28.0	29.0	30.0	31.0	32.0	33.0	34.0	35.0	36.0	37.0
H-9_1	2.0	6.0	41.0	67.0	296.0	778.0	1194.0	1550.0	1994.0	2436.0	2799.0	3420.0	4119.0	5239.0	6701.0	8798.0	11861.0	16789.0	25414.0	45479.0	49872.0
	11.0	12.0	13.0	14.0	15.0	16.0	17.0	18.0	19.0	20.0	21.0	22.0	23.0	24.0	25.0	26.0	27.0	28.0	29.0	30.0	31.0	32.0	33.0	34.0	35.0	36.0
H-9_2	46.0	260.0	187.0	177.0	222.0	318.0	447.0	612.0	866.0	1083.0	1491.0	2185.0	2820.0	4247.0	6131.0	8887.0	12688.0	17467.0	22393.0	27878.0	32075.0	28209.0	14759.0	3207.0	198.0	2.0
	16.0	17.0	18.0	19.0	20.0	21.0	22.0	23.0	24.0	25.0	26.0	27.0	28.0	29.0	30.0	31.0	32.0	33.0	34.0	35.0	36.0	37.0
SAH-10_1	1.0	4.0	20.0	58.0	150.0	432.0	1041.0	1665.0	2221.0	2640.0	3250.0	3755.0	4458.0	5290.0	6482.0	8449.0	11057.0	14921.0	20158.0	29670.0	48062.0	34637.0
	10.0	11.0	12.0	13.0	14.0	15.0	16.0	17.0	18.0	19.0	20.0	21.0	22.0	23.0	24.0	25.0	26.0	27.0	28.0	29.0	30.0	31.0	32.0	33.0	34.0	35.0	36.0
SAH-10_2	2.0	26.0	276.0	246.0	176.0	149.0	209.0	359.0	503.0	665.0	907.0	1181.0	1697.0	2582.0	3633.0	5459.0	8151.0	11829.0	16707.0	22911.0	29127.0	33770.0	31559.0	19607.0	6090.0	593.0	7.0
	15.0	16.0	17.0	18.0	19.0	20.0	21.0	22.0	23.0	24.0	25.0	26.0	27.0	28.0	29.0	30.0	31.0	32.0	33.0	34.0	35.0	36.0	37.0
SAH-1_1	2.0	6.0	19.0	57.0	91.0	127.0	285.0	629.0	1007.0	1534.0	1954.0	2597.0	3092.0	3660.0	4607.0	5660.0	7371.0	9471.0	12840.0	17586.0	26350.0	47967.0	46259.0
	11.0	12.0	13.0	14.0	15.0	16.0	17.0	18.0	19.0	20.0	21.0	22.0	23.0	24.0	25.0	26.0	27.0	28.0	29.0	30.0	31.0	32.0	33.0	34.0	35.0	36.0
SAH-1_2	29.0	216.0	207.0	158.0	158.0	225.0	363.0	509.0	694.0	910.0	1299.0	1775.0	2503.0	3766.0	5465.0	7811.0	11104.0	15956.0	21481.0	28164.0	32950.0	31162.0	19707.0	6025.0	526.0	8.0
	17.0	18.0	19.0	20.0	21.0	22.0	23.0	24.0	25.0	26.0	27.0	28.0	29.0	30.0	31.0	32.0	33.0	34.0	35.0	36.0	37.0
SAH-2_1	6.0	36.0	76.0	169.0	451.0	1022.0	1661.0	2348.0	3132.0	3685.0	4508.0	5190.0	6325.0	7864.0	9899.0	13263.0	17373.0	24097.0	35490.0	63568.0	57588.0
	11.0	12.0	13.0	14.0	15.0	16.0	17.0	18.0	19.0	20.0	21.0	22.0	23.0	24.0	25.0	26.0	27.0	28.0	29.0	30.0	31.0	32.0	33.0	34.0	35.0	36.0
SAH-2_2	45.0	302.0	282.0	231.0	256.0	409.0	715.0	895.0	1104.0	1491.0	2137.0	2968.0	4284.0	6407.0	9594.0	13864.0	19258.0	25703.0	32790.0	39460.0	41987.0	33524.0	16153.0	3639.0	249.0	4.0
	14.0	15.0	16.0	17.0	18.0	19.0	20.0	21.0	22.0	23.0	24.0	25.0	26.0	27.0	28.0	29.0	30.0	31.0	32.0	33.0	34.0	35.0	36.0	37.0
SAH-3_1	8.0	14.0	35.0	61.0	99.0	181.0	423.0	1306.0	2403.0	2975.0	3102.0	3435.0	3800.0	4040.0	4727.0	5894.0	7136.0	8872.0	11450.0	14914.0	19646.0	26357.0	33961.0	16733.0
	10.0	11.0	12.0	13.0	14.0	15.0	16.0	17.0	18.0	19.0	20.0	21.0	22.0	23.0	24.0	25.0	26.0	27.0	28.0	29.0	30.0	31.0	32.0	33.0	34.0	35.0	36.0
SAH-3_2	1.0	58.0	234.0	164.0	159.0	217.0	298.0	382.0	485.0	544.0	801.0	1027.0	1480.0	2207.0	3247.0	4872.0	7183.0	10771.0	15220.0	20384.0	26328.0	30234.0	26798.0	14405.0	3770.0	301.0	2.0
	15.0	16.0	17.0	18.0	19.0	20.0	21.0	22.0	23.0	24.0	25.0	26.0	27.0	28.0	29.0	30.0	31.0	32.0	33.0	34.0	35.0	36.0	37.0
SAH-4_1	3.0	6.0	16.0	45.0	86.0	166.0	413.0	945.0	1543.0	2041.0	2607.0	3141.0	3698.0	4233.0	5224.0	6271.0	8008.0	10482.0	14071.0	18948.0	28442.0	51691.0	48433.0
	10.0	11.0	12.0	13.0	14.0	15.0	16.0	17.0	18.0	19.0	20.0	21.0	22.0	23.0	24.0	25.0	26.0	27.0	28.0	29.0	30.0	31.0	32.0	33.0	34.0	35.0	36.0
SAH-4_2	2.0	43.0	255.0	213.0	157.0	205.0	340.0	475.0	622.0	801.0	1149.0	1582.0	2202.0	3100.0	4665.0	6838.0	9867.0	14060.0	18989.0	24931.0	30590.0	34899.0	31222.0	18069.0	4850.0	384.0	3.0
	16.0	17.0	18.0	19.0	20.0	21.0	22.0	23.0	24.0	25.0	26.0	27.0	28.0	29.0	30.0	31.0	32.0	33.0	34.0	35.0	36.0	37.0
SAH-5_1	4.0	8.0	38.0	73.0	126.0	341.0	766.0	1265.0	1841.0	2354.0	2854.0	3404.0	4127.0	4811.0	6093.0	7640.0	10142.0	13477.0	18911.0	28610.0	52506.0	56405.0
	11.0	12.0	13.0	14.0	15.0	16.0	17.0	18.0	19.0	20.0	21.0	22.0	23.0	24.0	25.0	26.0	27.0	28.0	29.0	30.0	31.0	32.0	33.0	34.0	35.0	36.0
SAH-5_2	62.0	246.0	187.0	177.0	182.0	280.0	426.0	624.0	861.0	1129.0	1546.0	2174.0	3253.0	4577.0	6698.0	9577.0	13763.0	18841.0	24637.0	31020.0	35985.0	33095.0	20090.0	5875.0	488.0	3.0
	17.0	18.0	19.0	20.0	21.0	22.0	23.0	24.0	25.0	26.0	27.0	28.0	29.0	30.0	31.0	32.0	33.0	34.0	35.0	36.0	37.0
SAH-6_1	9.0	25.0	70.0	127.0	404.0	956.0	1423.0	2009.0	2605.0	3056.0	3594.0	4280.0	5214.0	6281.0	7952.0	10484.0	13883.0	19011.0	27811.0	47868.0	35468.0
	10.0	11.0	12.0	13.0	14.0	15.0	16.0	17.0	18.0	19.0	20.0	21.0	22.0	23.0	24.0	25.0	26.0	27.0	28.0	29.0	30.0	31.0	32.0	33.0	34.0	35.0	36.0
SAH-6_2	1.0	44.0	201.0	158.0	142.0	178.0	275.0	375.0	538.0	828.0	1060.0	1482.0	2104.0	3076.0	4448.0	6445.0	9468.0	13507.0	18427.0	23699.0	29140.0	31537.0	26632.0	14580.0	3858.0	324.0	3.0
	17.0	18.0	19.0	20.0	21.0	22.0	23.0	24.0	25.0	26.0	27.0	28.0	29.0	30.0	31.0	32.0	33.0	34.0	35.0	36.0	37.0
SAH-7_1	6.0	37.0	84.0	273.0	1052.0	2119.0	2832.0	3155.0	3703.0	3953.0	4456.0	5033.0	6114.0	7384.0	9206.0	11873.0	15713.0	20691.0	28693.0	38326.0	18921.0
	10.0	11.0	12.0	13.0	14.0	15.0	16.0	17.0	18.0	19.0	20.0	21.0	22.0	23.0	24.0	25.0	26.0	27.0	28.0	29.0	30.0	31.0	32.0	33.0	34.0	35.0	36.0
SAH-7_2	6.0	58.0	206.0	198.0	162.0	187.0	309.0	376.0	449.0	673.0	840.0	1241.0	1834.0	2705.0	3965.0	6082.0	8907.0	12816.0	17836.0	23498.0	29041.0	31465.0	25098.0	12521.0	2962.0	186.0	3.0
	17.0	18.0	19.0	20.0	21.0	22.0	23.0	24.0	25.0	26.0	27.0	28.0	29.0	30.0	31.0	32.0	33.0	34.0	35.0	36.0	37.0
SAH-8_1	8.0	34.0	111.0	184.0	633.0	1432.0	2251.0	3076.0	3681.0	4285.0	4928.0	5583.0	6616.0	8064.0	10131.0	12994.0	17148.0	23073.0	33685.0	58207.0	45494.0
	10.0	11.0	12.0	13.0	14.0	15.0	16.0	17.0	18.0	19.0	20.0	21.0	22.0	23.0	24.0	25.0	26.0	27.0	28.0	29.0	30.0	31.0	32.0	33.0	34.0	35.0	36.0
SAH-8_2	1.0	53.0	292.0	241.0	173.0	205.0	340.0	493.0	644.0	976.0	1225.0	1764.0	2426.0	3573.0	5352.0	7720.0	11451.0	15908.0	22192.0	28371.0	35798.0	40214.0	35715.0	20304.0	5714.0	468.0	5.0
	16.0	17.0	18.0	19.0	20.0	21.0	22.0	23.0	24.0	25.0	26.0	27.0	28.0	29.0	30.0	31.0	32.0	33.0	34.0	35.0	36.0	37.0
SAH-9_1	3.0	6.0	26.0	77.0	131.0	290.0	635.0	1063.0	1542.0	1972.0	2431.0	2975.0	3535.0	4317.0	5237.0	6599.0	8961.0	12009.0	16597.0	24822.0	44893.0	44164.0
	11.0	12.0	13.0	14.0	15.0	16.0	17.0	18.0	19.0	20.0	21.0	22.0	23.0	24.0	25.0	26.0	27.0	28.0	29.0	30.0	31.0	32.0	33.0	34.0	35.0	36.0
SAH-9_2	32.0	178.0	177.0	149.0	158.0	237.0	359.0	535.0	735.0	915.0	1350.0	1872.0	2741.0	3960.0	5665.0	8294.0	11640.0	15871.0	21191.0	26465.0	30007.0	27394.0	16582.0	5237.0	533.0	8.0

